cases/OP3/data/cam-diracfmw_bukit-atur_20080616.na
33 1001
ROBINSON, Andrew
Centre for Atmospheric Science, University of Cambridge, Cambridge, CB2 1EW, UK
Tracer measurements from microDiracFMW located at the Bukit Atur Gaw station, Danum valley (4.980 N, 117.844 E)
OP3
1 1
2008 06 16 2009 06 17
0
local julian day
9
1.0 1.0 1.0 1.0 1.0 1.0 1.0 1.0 1.0
9999.99 9999.99 9999.99 9999.99 9999.99 9999.99 9999.99 9999.99 9999.99
ambient atmospheric pressure (kPa)
carbon tetrachloride volume mixing ratio (pptv)
CFC-113 volume mixing ratio (pptv)
methyliodide volume mixing ratio (pptv)
chloroform volume mixing ratio (pptv)
methylchloroform volume mixing ratio (pptv)
dibromomethane volume mixing ratio (pptv)
perchloroethene volume mixing ratio (pptv)
bromoform volume mixing ratio (pptv)
0
10
Comments:
Detailed analysis is still ongoing therefore small updates to these data may occur.
Samples are adsorbed onto a sampling tube over a typical 2 minute time period starting at the given time.
The following measurement precisions are based on 1 standard deviation of the running calibrations typically measured every 2 hours:
carbontetrachloride 0.39%, CFC-113 1.20%, methyliodide 13.50%, chloroform 3.03%, methylchloroform 0.86%, dibromomethane 6.11%, perchloroethene 2.39%, bromoform 3.16%
For overall measurement uncertainty add in quadrature the following errors associated with the calibration standard:
carbontetrachloride 0.3%, CFC-113 0.6%, methyliodide 2.9%, chloroform 0.8%, methylchloroform 0.9%, dibromomethane 2.1%, perchloroethene 3.0%, bromoform 2.2%
Please contact the microDirac team before using these data.
Email: adr22@cam.ac.uk
localjuliantime P ccl4 cfc113 ch3i chcl3 ch3ccl3 ch2br2 c2cl4 chbr3
[from data line 1849]
204.0549 95.10 90.60 81.60 9999.99 10.00 8.72 0.55 0.74 0.99
204.0660 95.00 91.14 81.05 9999.99 10.01 9.30 0.66 0.72 1.00
204.0771 95.20 90.85 81.69 9999.99 10.04 9.01 0.61 0.67 1.25
204.0882 95.00 90.48 81.94 9999.99 11.05 9.31 0.75 0.74 0.99
204.0993 9999.99 90.13 81.72 9999.99 10.53 8.95 0.72 0.77 0.76
204.1104 95.00 90.49 80.96 9999.99 10.22 9.17 0.66 0.73 0.95
204.1215 95.00 90.30 81.71 9999.99 11.36 9.32 0.66 0.67 0.78
204.1660 95.00 90.70 81.06 9999.99 8.95 9.09 0.76 0.69 0.91
204.1771 94.90 90.68 80.90 9999.99 10.76 9.01 0.64 0.70 0.85
204.1875 95.00 90.07 82.62 9999.99 9.84 9.04 0.55 0.71 0.74
204.1993 94.90 90.01 82.14 9999.99 10.07 9.12 0.72 0.67 0.92
204.2111 94.90 89.81 82.54 9999.99 9.08 9.34 0.70 0.67 0.88
204.2222 94.80 90.39 81.87 9999.99 9.68 9.12 0.65 0.65 0.85
204.2333 94.80 90.41 83.57 9999.99 9.34 8.98 0.64 0.67 0.97
204.2653 95.00 90.48 82.95 9999.99 8.24 8.92 0.81 0.65 0.95
204.2764 95.00 90.17 82.56 9999.99 8.93 9.10 0.65 0.62 1.09
204.2875 95.00 90.74 84.10 9999.99 8.65 9.24 0.68 0.62 0.82
204.2986 95.00 90.02 82.97 9999.99 10.41 9.17 0.61 0.60 0.81
204.3104 95.00 89.87 83.43 9999.99 9.30 8.89 0.63 0.60 0.91
204.3222 9999.99 90.16 84.79 9999.99 10.51 9.20 0.73 0.63 0.86
204.3333 95.00 90.70 83.76 9999.99 11.04 9.26 0.73 0.60 0.94
204.3444 95.10 90.37 83.34 9999.99 9.43 9.53 0.75 0.60 1.06
204.3757 95.10 90.16 85.08 9999.99 8.57 9.01 0.77 0.63 1.12
204.3882 95.00 90.06 84.72 9999.99 8.91 8.99 0.75 0.61 1.05
204.3993 95.20 90.19 85.15 9999.99 10.05 9.04 0.74 0.64 0.86
204.4104 95.00 89.68 85.00 9999.99 8.52 9.15 0.73 0.67 0.98
204.4208 95.00 89.25 85.42 9999.99 9.61 8.94 0.79 0.60 1.02
204.4333 95.00 89.66 86.48 9999.99 7.78 9.14 0.59 0.61 1.00
204.4444 95.00 89.66 83.74 9999.99 7.58 9.01 0.76 0.59 1.06
204.4556 94.90 89.63 85.21 9999.99 8.13 9.15 0.79 0.62 1.00
204.4875 94.90 89.49 86.20 9999.99 7.89 9.05 0.79 0.65 1.29
204.4993 95.00 89.40 84.56 9999.99 7.87 9.11 0.81 0.64 1.32
204.5104 94.90 88.94 84.90 9999.99 7.89 8.91 0.79 0.59 1.37
204.5215 94.90 89.23 84.01 9999.99 8.15 9.15 0.74 0.59 1.39
204.5326 94.90 89.06 82.81 9999.99 8.14 8.79 0.79 0.66 1.32
204.5438 94.80 89.22 9999.99 9999.99 9.49 9.05 0.73 0.63 1.33
204.5556 94.80 89.28 83.05 9999.99 8.29 9.00 0.77 0.64 1.39
204.5660 94.80 89.94 9999.99 9999.99 8.80 8.98 0.70 0.59 1.58
204.5986 94.70 89.03 9999.99 9999.99 7.08 9.10 0.89 0.62 1.69
204.6104 94.70 89.01 9999.99 9999.99 7.96 8.71 0.79 0.67 1.32
204.6326 94.70 89.69 9999.99 9999.99 8.84 8.78 0.79 0.62 1.49
204.6444 94.70 89.51 9999.99 9999.99 9.66 8.87 0.79 0.62 1.30
204.6563 94.70 89.20 9999.99 9999.99 7.61 8.77 0.81 0.63 1.50
204.6785 94.70 89.00 82.21 9999.99 8.39 9.09 0.79 0.57 1.43
204.7104 94.70 88.97 82.74 9999.99 8.08 8.93 0.84 0.61 1.65
204.7215 94.80 88.93 83.55 9999.99 8.12 9.00 0.82 0.61 1.48
204.7333 94.80 88.74 83.33 9999.99 8.20 8.97 0.82 0.66 1.52
204.7444 94.80 89.00 83.27 9999.99 8.45 9.14 0.85 0.63 1.38
204.7556 94.90 89.42 84.47 9999.99 7.94 9.14 0.86 0.67 1.35
204.7674 94.80 88.45 83.25 9999.99 8.33 9.05 0.86 0.63 1.48
204.7785 94.90 89.11 83.79 9999.99 8.53 8.92 0.85 0.62 1.38
204.7889 94.90 89.18 84.17 9999.99 9.52 9.13 0.84 0.63 1.45
204.8201 95.00 90.05 84.05 9999.99 10.80 9.35 0.75 0.66 1.31
204.8326 95.00 89.22 83.24 9999.99 9.27 9.32 0.78 0.63 1.42
204.8438 94.90 89.47 83.75 9999.99 9.13 9.33 0.89 0.65 1.51
204.8542 95.00 89.53 83.37 9999.99 10.27 9.23 0.80 0.64 1.70
204.8660 95.10 90.33 84.65 9999.99 8.79 9.25 0.89 0.62 1.63
204.8771 95.10 89.28 83.11 9999.99 9.59 9.36 0.81 0.66 1.46
204.8882 95.10 89.62 83.34 9999.99 9.62 9.06 0.77 0.68 1.63
204.9000 95.10 89.44 82.33 9999.99 9.34 9.18 0.84 0.69 1.63
204.9319 95.10 89.94 84.29 9999.99 8.50 9.16 0.87 0.65 1.31
204.9424 95.10 89.58 82.02 9999.99 8.25 9.09 0.80 0.65 1.13
204.9535 95.10 90.08 83.05 9999.99 9.48 9.32 0.94 0.66 1.51
204.9660 95.10 90.03 82.71 9999.99 9.07 9.18 0.77 0.68 1.15
204.9764 95.10 89.80 82.76 9999.99 8.54 9.48 0.84 0.67 0.92
204.9875 95.10 89.90 84.18 9999.99 8.21 9.10 0.83 0.59 1.36
204.9993 95.10 89.97 82.03 9999.99 8.78 9.19 0.76 0.65 1.08
205.0104 95.10 89.57 82.30 9999.99 9.38 8.98 0.78 0.69 1.27
205.0417 95.10 89.85 82.48 9999.99 11.52 9.18 0.79 0.71 1.13
205.0528 95.10 89.98 81.66 9999.99 11.02 9.59 0.83 0.62 1.33
205.0639 95.00 89.28 82.30 9999.99 10.93 9.23 0.81 0.72 1.29
205.0757 95.00 88.99 82.31 9999.99 10.70 8.93 0.87 0.69 1.27
205.0868 95.00 89.02 81.63 9999.99 11.33 9.16 0.79 0.62 1.22
205.0986 95.00 89.24 82.27 9999.99 10.99 9.41 0.74 0.64 1.16
205.1090 95.00 88.71 82.04 9999.99 12.04 9.15 0.75 0.63 1.18
205.1201 94.90 90.02 81.69 9999.99 11.80 9.28 0.76 0.62 1.24
205.1521 94.90 89.03 80.82 9999.99 10.22 9.26 0.87 0.70 1.22
205.1632 94.90 89.30 81.51 9999.99 8.79 9.27 0.87 0.68 1.17
205.1757 95.00 88.88 82.36 9999.99 8.92 9.39 0.96 0.67 1.33
205.1868 94.90 89.10 81.78 9999.99 11.10 9.05 0.74 0.61 1.12
205.1979 94.90 89.60 82.57 9999.99 11.50 9.45 0.70 0.61 1.27
205.2083 94.90 88.80 83.04 9999.99 11.69 9.41 0.82 0.63 1.36
205.2194 94.80 89.82 83.27 9999.99 11.55 9.41 0.78 0.62 1.08
205.2306 94.80 88.94 82.87 9999.99 10.04 9.11 0.73 0.66 1.27
205.2632 95.00 88.55 82.46 9999.99 9.29 9.21 0.74 0.65 1.37
205.2854 94.90 89.12 83.41 9999.99 10.57 9.19 0.68 0.60 1.40
205.2965 95.00 88.92 82.59 9999.99 8.01 9.35 0.72 0.68 1.25
205.3972 95.10 88.67 81.68 9999.99 8.69 9.39 0.70 0.65 1.04
205.4090 95.20 87.29 81.28 9999.99 8.89 8.98 0.68 0.64 1.16
205.4201 95.10 88.78 82.95 9999.99 9.07 8.99 0.72 0.59 1.27
205.4313 95.10 87.71 82.88 9999.99 9.14 9.03 0.70 0.63 0.95
205.4431 95.20 88.43 83.71 9999.99 8.95 9.30 0.74 0.61 1.55
205.4542 95.20 89.14 85.05 9999.99 10.47 9.15 0.67 0.60 0.98
205.4861 9999.99 87.82 83.83 9999.99 7.90 8.92 0.75 0.62 1.19
205.4979 95.00 88.31 84.47 9999.99 8.01 9.07 0.66 0.59 1.15
205.5090 95.00 88.71 84.27 9999.99 9.20 8.92 0.80 0.67 1.01
205.5194 95.00 88.72 84.37 9999.99 8.62 8.93 0.73 0.56 0.94
205.5313 95.00 88.16 85.03 9999.99 9.12 9.14 0.76 0.63 1.19
205.5424 94.90 88.87 84.98 9999.99 8.12 9.05 0.63 0.63 0.99
205.5542 95.00 88.98 85.81 9999.99 9.09 9.43 0.75 0.60 1.13
205.5646 94.90 88.06 83.43 9999.99 8.34 8.85 0.72 0.58 1.12
205.5972 94.90 88.23 82.08 9999.99 8.23 9.05 0.81 0.68 1.44
205.6313 94.90 88.53 82.58 9999.99 8.92 9.14 0.75 0.59 1.06
205.6431 94.90 88.14 84.21 9999.99 8.82 9.34 0.70 0.67 1.04
205.6535 94.90 88.47 83.78 9999.99 9.93 9.24 0.74 0.57 1.32
205.6653 94.90 88.53 84.34 9999.99 9.66 9.25 0.75 0.63 1.18
205.7083 94.90 89.05 86.56 9999.99 8.74 9.02 0.74 0.59 0.80
205.7201 94.90 89.19 86.36 9999.99 10.16 9.08 0.73 0.61 1.31
205.7313 9999.99 89.44 86.97 9999.99 10.14 9.29 0.71 0.63 0.97
205.7417 95.00 88.78 85.48 9999.99 11.13 9.30 0.75 0.59 1.15
205.7542 95.00 88.47 85.65 9999.99 10.01 9.33 0.84 0.58 1.16
205.7653 95.00 89.15 85.39 9999.99 10.22 9.32 0.73 0.63 1.19
205.7757 95.00 88.49 85.81 9999.99 10.33 9.04 0.68 0.59 1.24
205.7882 95.10 88.25 86.16 9999.99 10.14 9.22 0.75 0.59 1.13
205.8194 95.10 89.17 84.67 9999.99 10.43 9.09 0.92 0.68 1.30
205.8306 95.10 89.03 84.73 9999.99 11.04 9.02 0.83 0.64 1.15
205.8417 95.00 87.78 84.25 9999.99 11.05 9.26 0.91 0.63 1.59
205.8535 95.00 88.53 83.30 9999.99 11.17 8.87 0.74 0.62 1.11
205.8646 95.10 88.84 84.93 9999.99 12.16 9.44 0.78 0.59 1.56
205.8750 95.10 88.76 85.23 9999.99 12.13 9.15 0.89 0.64 1.54
205.8875 95.20 89.24 84.20 9999.99 12.40 9.23 0.82 0.55 1.40
205.8979 95.10 88.69 85.26 9999.99 13.41 9.30 0.91 0.57 1.36
205.9299 95.10 88.05 82.97 9999.99 11.36 9.01 1.02 0.58 1.64
205.9417 95.00 88.67 84.31 9999.99 11.70 9.05 0.94 0.57 1.42
205.9528 95.10 89.08 83.59 9999.99 11.29 9.22 1.00 0.63 1.60
205.9632 95.10 89.11 84.52 9999.99 11.08 9.02 0.93 0.63 1.30
205.9757 95.10 89.16 82.90 9999.99 10.89 9.24 0.96 0.62 1.53
205.9868 95.10 88.48 82.83 9999.99 11.21 9.10 0.94 0.63 1.40
205.9972 95.10 88.59 82.37 9999.99 11.38 9.10 0.83 0.71 1.50
206.0090 95.10 88.25 82.15 9999.99 11.44 9.24 0.78 0.55 1.32
206.0410 95.10 88.93 82.69 9999.99 9.53 9.40 1.02 0.67 1.49
206.0521 95.20 89.31 83.59 9999.99 10.46 9.10 0.96 0.67 1.77
206.0625 95.00 88.74 83.37 9999.99 10.67 9.25 0.93 0.60 1.68
206.0743 95.00 88.46 83.51 9999.99 10.27 9.16 0.91 0.67 1.43
206.0861 95.00 88.51 82.60 9999.99 10.49 9.07 0.90 0.58 1.45
206.0972 95.00 89.06 82.26 9999.99 10.78 9.16 0.92 0.60 1.63
206.1083 95.10 88.66 81.62 9999.99 10.75 9.26 0.91 0.64 1.60
206.1194 95.00 88.92 82.77 9999.99 10.24 9.20 0.96 0.62 1.49
206.1507 95.00 88.59 82.78 9999.99 8.23 9.13 0.98 0.65 1.31
206.1625 95.00 88.48 82.19 9999.99 8.57 9.05 0.81 0.62 1.09
206.1736 95.00 89.16 83.80 9999.99 8.48 9.11 0.85 0.64 1.30
206.1854 95.00 88.71 82.37 9999.99 9.61 9.30 0.77 0.66 0.98
206.1965 95.00 88.66 81.90 9999.99 9.77 9.10 0.74 0.62 1.21
206.2076 95.10 88.72 83.70 9999.99 8.52 9.27 0.75 0.60 1.06
206.2188 95.10 88.48 83.24 9999.99 8.45 9.02 0.73 0.66 1.06
206.2299 95.10 88.12 82.51 9999.99 8.48 9.17 0.82 0.64 1.06
206.2618 95.00 88.78 83.59 9999.99 8.37 8.80 0.88 0.66 1.09
206.2736 95.10 88.59 83.39 9999.99 8.37 9.36 0.87 0.69 0.90
206.2847 95.10 88.12 84.87 9999.99 8.86 9.22 0.79 0.58 1.01
206.2958 95.20 88.04 84.27 9999.99 8.06 8.95 0.83 0.55 1.01
206.3069 95.20 88.56 86.00 9999.99 8.75 9.02 0.72 0.57 0.94
206.3174 95.20 89.12 86.55 9999.99 10.47 9.05 0.71 0.60 0.98
206.3292 95.10 87.88 85.85 9999.99 8.76 9.02 0.63 0.60 1.14
206.3410 95.20 88.20 84.75 9999.99 7.79 9.44 0.74 0.62 0.88
206.3722 95.20 88.12 84.85 9999.99 9.22 9.37 0.66 0.66 1.04
206.3833 95.00 87.55 84.87 9999.99 8.95 9.07 0.72 0.61 1.10
206.3944 95.10 88.66 85.76 9999.99 8.13 9.08 0.75 0.60 0.84
206.4056 95.20 88.29 85.87 9999.99 8.10 9.26 0.86 0.60 0.92
206.4167 95.10 88.03 85.82 9999.99 8.60 9.20 0.71 0.59 1.21
206.4271 95.00 87.76 86.47 9999.99 7.77 9.21 0.77 0.62 1.07
206.4389 95.10 88.46 83.64 9999.99 7.94 9.33 0.78 0.63 1.14
206.4500 95.10 88.37 84.50 9999.99 8.65 9.18 0.73 0.58 0.98
206.4819 94.90 87.62 82.71 9999.99 7.04 8.98 0.78 0.60 1.09
206.4931 95.00 87.90 82.74 9999.99 7.16 9.15 0.87 0.65 1.29
206.5271 94.90 87.78 83.04 9999.99 7.91 9.13 0.71 0.61 1.27
206.5389 94.90 87.62 83.94 9999.99 8.19 9.15 0.76 0.61 1.02
206.5507 94.90 87.41 84.50 9999.99 8.27 9.31 0.68 0.58 1.17
206.5611 94.80 87.63 84.29 9999.99 8.34 9.00 0.68 0.60 1.24
206.5924 9999.99 87.62 83.20 9999.99 8.19 9.07 0.81 0.63 1.17
206.6049 94.80 87.78 82.30 9999.99 7.83 9.02 0.74 0.59 1.07
206.6160 94.90 87.68 81.46 9999.99 7.50 9.05 0.74 0.65 1.09
206.6271 94.80 87.60 82.41 9999.99 7.97 9.19 0.68 0.60 1.21
206.6375 94.80 87.42 83.79 9999.99 7.78 9.12 0.85 0.66 1.26
206.6493 94.80 87.82 82.43 9999.99 7.97 9.05 0.77 0.58 1.21
206.6611 94.80 86.82 81.94 9999.99 8.07 9.06 0.67 0.59 1.19
206.6715 94.80 86.85 81.20 9999.99 8.25 9.04 0.67 0.59 1.12
206.7035 9999.99 87.92 83.28 9999.99 7.62 9.21 0.85 0.62 1.08
206.7160 94.90 87.90 83.46 9999.99 6.97 9.11 0.80 0.65 1.10
206.7264 94.90 88.40 83.60 9999.99 8.95 9.27 0.81 0.56 0.99
206.9583 95.10 9999.99 9999.99 9999.99 9999.99 9999.99 9999.99 9999.99 0.44
206.9819 95.20 9999.99 9999.99 9999.99 9999.99 9999.99 9999.99 9999.99 0.37
207.0514 95.10 9999.99 9999.99 9999.99 9999.99 9999.99 0.12 9999.99 0.46
207.0625 95.10 9999.99 9999.99 9999.99 9999.99 9999.99 9999.99 9999.99 0.46
207.0875 95.00 9999.99 9999.99 9999.99 9999.99 9999.99 9999.99 9999.99 0.40
207.1111 95.00 9999.99 9999.99 9999.99 9999.99 9999.99 9999.99 9999.99 0.54
207.1354 95.00 9999.99 9999.99 9999.99 9999.99 9999.99 9999.99 9999.99 0.74
207.1681 94.90 9999.99 9999.99 9999.99 9999.99 9999.99 9999.99 9999.99 1.06
207.2285 9999.99 9999.99 9999.99 9999.99 9999.99 9999.99 9999.99 9999.99 0.67
207.2514 94.90 9999.99 9999.99 9999.99 9999.99 9999.99 9999.99 9999.99 0.58
207.2854 95.00 9999.99 9999.99 9999.99 9999.99 9999.99 9999.99 9999.99 0.66
207.3215 95.00 9999.99 9999.99 9999.99 9999.99 9999.99 9999.99 9999.99 0.68
207.4125 95.10 87.90 9999.99 9999.99 7.46 9.23 0.76 0.63 1.51
207.4347 95.10 87.94 9999.99 9999.99 9.65 9.40 0.76 0.60 1.59
207.4465 95.00 87.84 9999.99 9999.99 9.07 9.43 0.82 0.61 1.61
207.4576 95.10 88.30 9999.99 9999.99 8.75 9.47 0.72 0.62 1.59
207.4688 95.00 88.62 9999.99 9999.99 8.82 9.30 0.74 0.64 1.69
207.4799 95.00 88.21 9999.99 9999.99 9.19 9.48 0.79 0.62 1.58
207.5347 94.90 88.99 9999.99 9999.99 9.54 9999.99 0.78 0.66 1.57
207.6465 94.70 88.01 9999.99 9999.99 8.72 9.38 0.68 0.69 1.43
207.6583 94.80 88.26 9999.99 9999.99 8.75 9.35 0.73 0.64 1.35
207.6694 94.80 88.54 9999.99 9999.99 8.37 9.33 0.66 0.61 1.28
207.6813 94.70 88.56 9999.99 9999.99 8.88 9.30 0.73 0.68 1.36
207.6924 94.70 88.75 9999.99 9999.99 8.04 9.31 0.75 0.66 1.16
207.7035 94.80 88.11 9999.99 9999.99 7.95 9.22 0.67 0.64 1.52
207.7361 94.80 88.66 79.86 9999.99 7.10 9.10 0.84 0.63 1.63
207.7472 94.70 88.42 79.46 9999.99 7.24 9.35 0.75 0.63 1.13
207.7583 94.80 88.70 80.20 9999.99 8.28 9.24 0.85 0.64 1.10
207.7701 94.90 88.92 81.36 9999.99 8.60 9.32 0.87 0.62 1.33
207.7813 94.90 89.06 82.24 9999.99 9.72 9.31 0.75 0.69 1.52
207.7917 94.90 89.49 81.63 9999.99 9.98 9.20 0.89 0.66 1.35
207.8042 94.80 88.92 82.28 9999.99 10.33 9.36 0.78 0.74 1.50
207.8146 94.90 88.85 81.26 9999.99 9.82 9.24 0.88 0.69 1.42
207.8465 95.00 89.00 81.59 9999.99 8.98 9.39 1.06 0.64 1.72
207.8583 95.00 89.59 83.40 9999.99 9.54 9.30 0.93 0.63 1.46
207.8694 95.00 88.87 82.38 9999.99 9.03 9.30 0.82 0.61 1.22
207.8799 95.00 89.45 82.76 9999.99 9.76 9.27 0.97 0.65 1.45
207.9035 95.20 89.66 81.75 9999.99 10.26 9.54 0.79 0.60 1.11
207.9139 95.10 89.79 82.03 9999.99 9.54 9.17 0.73 0.58 1.14
207.9250 95.10 89.00 81.35 9999.99 9.54 9.15 0.75 0.61 1.06
207.9563 95.10 89.21 81.87 9999.99 9.34 9.41 0.83 0.75 1.10
207.9681 95.20 89.94 82.18 9999.99 9.49 9.14 0.81 0.67 1.02
207.9896 95.10 89.79 80.75 9999.99 9.63 9.20 0.81 0.60 1.14
208.0243 95.10 88.63 81.85 9999.99 10.49 9.24 0.84 0.60 1.18
208.0354 95.10 89.05 81.58 9999.99 10.05 9.06 0.84 0.61 1.03
208.0674 95.10 88.80 80.57 9999.99 8.99 9.04 0.82 0.66 0.99
208.0778 95.10 89.31 80.78 9999.99 8.87 9.02 0.87 0.62 1.15
208.0889 95.10 88.97 80.25 9999.99 9.25 9.05 0.84 0.64 1.17
208.1000 95.00 88.86 81.86 9999.99 9.45 9.36 0.85 0.61 1.10
208.1125 9999.99 88.79 80.88 9999.99 9.26 9.17 0.89 0.61 1.08
208.1236 95.00 88.51 80.24 9999.99 9.80 9.53 0.79 0.56 1.33
208.1347 94.90 88.10 81.31 9999.99 10.04 9.33 0.77 0.64 1.21
208.1458 94.90 88.85 81.93 9999.99 10.22 9.28 0.78 0.61 1.30
208.1771 94.90 89.07 80.73 9999.99 9.78 9.06 0.84 0.53 1.16
208.1882 95.00 88.50 81.18 9999.99 9.76 9.22 0.83 0.63 1.35
208.1993 94.90 88.57 81.27 9999.99 10.04 9.37 0.79 0.66 1.31
208.2111 94.90 87.80 80.40 9999.99 9.58 9.30 0.86 0.66 1.40
208.2222 94.90 88.77 81.60 9999.99 9.76 9.01 0.88 0.63 1.72
208.2333 95.10 87.96 81.62 9999.99 9.05 9.24 0.90 0.64 1.37
208.2444 95.10 88.82 80.90 9999.99 9.96 9.03 0.82 0.58 1.55
208.2556 95.10 88.14 81.78 9999.99 10.65 9.22 0.77 0.62 1.27
208.2875 95.10 88.77 82.77 9999.99 8.52 9.04 0.92 0.59 1.52
208.2986 95.10 89.00 84.02 9999.99 9.07 9.06 0.90 0.55 1.13
208.3104 95.10 89.12 84.87 9999.99 10.16 9.07 0.88 0.59 1.35
208.3215 95.20 88.45 84.07 9999.99 9.82 9.23 0.77 0.55 1.34
208.3438 95.20 88.90 83.20 9999.99 9.14 9.38 0.95 0.57 1.31
208.3556 95.20 88.04 82.95 9999.99 10.34 9.32 0.89 0.60 1.29
208.3667 95.20 89.00 83.70 9999.99 10.14 9.32 0.94 0.65 1.40
208.3972 95.20 88.76 86.00 9999.99 9.48 9.20 0.88 0.71 1.42
208.4090 95.20 88.69 84.70 9999.99 9.34 9.16 0.90 0.60 1.48
208.4201 95.10 87.80 85.95 9999.99 9.02 8.82 0.85 0.54 1.48
208.4993 95.00 87.98 78.50 9999.99 7.02 9.17 0.81 0.64 1.69
208.5104 95.00 88.57 9999.99 9999.99 8.03 9.09 0.80 0.69 1.56
208.5215 94.90 88.74 9999.99 9999.99 7.55 9.17 0.88 0.64 1.46
208.5556 94.90 87.93 9999.99 9999.99 6.62 9.15 0.89 0.69 1.70
208.5674 9999.99 89.29 9999.99 9999.99 7.37 9.10 0.79 0.66 1.77
208.5792 94.90 87.85 9999.99 9999.99 7.79 9.18 0.80 0.65 1.67
208.5896 94.80 87.91 80.12 9999.99 9.60 9.11 0.84 0.62 1.51
208.6014 94.90 87.74 81.19 9999.99 9.18 9.20 0.91 0.66 1.69
208.6132 94.80 88.35 82.79 9999.99 9.08 9.23 0.82 0.65 1.55
208.6236 94.90 87.90 81.82 9999.99 9.63 8.97 0.76 0.63 1.45
