cases/OP3/data/cam-diracfmw_bukit-atur_20080616.na
33 1001
ROBINSON, Andrew
Centre for Atmospheric Science, University of Cambridge, Cambridge, CB2 1EW, UK
Tracer measurements from microDiracFMW located at the Bukit Atur Gaw station, Danum valley (4.980 N, 117.844 E)
OP3
1 1
2008 06 16 2009 06 17
0
local julian day
9
1.0 1.0 1.0 1.0 1.0 1.0 1.0 1.0 1.0
9999.99 9999.99 9999.99 9999.99 9999.99 9999.99 9999.99 9999.99 9999.99
ambient atmospheric pressure (kPa)
carbon tetrachloride volume mixing ratio (pptv)
CFC-113 volume mixing ratio (pptv)
methyliodide volume mixing ratio (pptv)
chloroform volume mixing ratio (pptv)
methylchloroform volume mixing ratio (pptv)
dibromomethane volume mixing ratio (pptv)
perchloroethene volume mixing ratio (pptv)
bromoform volume mixing ratio (pptv)
0
10
Comments:
Detailed analysis is still ongoing therefore small updates to these data may occur.
Samples are adsorbed onto a sampling tube over a typical 2 minute time period starting at the given time.
The following measurement precisions are based on 1 standard deviation of the running calibrations typically measured every 2 hours:
carbontetrachloride 0.39%, CFC-113 1.20%, methyliodide 13.50%, chloroform 3.03%, methylchloroform 0.86%, dibromomethane 6.11%, perchloroethene 2.39%, bromoform 3.16%
For overall measurement uncertainty add in quadrature the following errors associated with the calibration standard:
carbontetrachloride 0.3%, CFC-113 0.6%, methyliodide 2.9%, chloroform 0.8%, methylchloroform 0.9%, dibromomethane 2.1%, perchloroethene 3.0%, bromoform 2.2%
Please contact the microDirac team before using these data.
Email: adr22@cam.ac.uk
localjuliantime P ccl4 cfc113 ch3i chcl3 ch3ccl3 ch2br2 c2cl4 chbr3
168.3653 95.20 91.89 82.29 9999.99 7.94 8.78 0.76 0.79 1.02
168.3882 95.20 91.25 82.95 9999.99 9.71 8.80 0.70 0.74 0.90
168.4194 95.30 91.16 85.47 9999.99 9.89 8.89 0.78 0.76 1.08
168.4313 95.20 9999.99 9999.99 9999.99 9999.99 9999.99 0.76 9999.99 1.11
168.4431 95.20 91.20 84.45 9999.99 9.82 8.93 0.67 0.75 0.88
168.4757 95.10 90.87 85.48 9999.99 8.90 8.82 0.83 0.79 0.91
168.4868 95.10 91.17 83.85 9999.99 9.85 8.75 0.75 0.75 0.85
168.4979 95.10 90.96 86.59 9999.99 9.84 8.81 0.68 0.75 0.99
168.5285 95.10 90.91 85.01 9999.99 8.64 8.85 0.58 0.75 0.87
168.5403 95.10 91.36 85.06 9999.99 7.72 8.76 0.62 0.78 0.72
168.5521 95.10 90.44 84.28 9999.99 8.21 8.94 0.62 0.73 0.84
168.5840 95.00 90.87 84.16 9999.99 7.24 8.84 0.73 0.79 0.97
168.5958 9999.99 90.75 84.08 9999.99 7.56 9.13 0.68 0.75 0.82
168.6063 95.10 91.10 87.22 9999.99 8.88 8.91 0.67 0.78 0.73
168.6493 95.00 91.14 87.32 9999.99 8.25 9.00 0.62 0.75 0.63
168.6611 9999.99 90.40 85.38 9999.99 8.60 8.90 0.67 0.78 0.65
168.6924 94.90 90.23 86.47 9999.99 8.65 8.70 0.67 0.78 0.99
168.7049 94.90 90.53 85.21 9999.99 10.57 8.73 0.67 0.75 0.74
168.7160 95.00 90.67 84.26 9999.99 9.29 8.80 0.59 0.73 0.70
168.7472 95.00 90.05 84.49 9999.99 8.83 8.85 0.67 0.79 0.86
168.7583 95.00 90.54 84.81 9999.99 9.20 8.93 0.68 0.77 0.73
168.7701 95.10 90.75 83.38 9999.99 8.50 9.20 0.69 0.75 0.75
168.8021 95.10 90.64 83.87 9999.99 8.71 8.83 0.69 0.81 0.85
168.8139 95.00 90.18 83.58 9999.99 9.23 8.99 0.67 0.76 0.78
168.8250 95.10 90.22 82.16 9999.99 9.36 9.18 0.72 0.78 0.75
168.8569 95.20 90.71 83.71 9999.99 8.11 8.74 0.68 0.82 0.84
168.8799 95.30 90.08 83.08 9999.99 8.52 9.07 0.67 0.75 0.59
168.9118 95.30 90.53 82.65 9999.99 8.74 8.89 0.73 0.76 0.80
168.9236 95.30 89.83 82.32 9999.99 8.63 8.84 0.67 0.80 0.94
168.9347 95.30 90.08 83.56 9999.99 8.54 9.05 0.66 0.80 0.70
168.9667 95.30 90.42 81.79 9999.99 10.50 9.11 0.74 0.79 0.89
168.9785 95.30 90.18 81.80 9999.99 9.24 9.12 0.65 0.76 0.74
168.9896 95.30 89.74 81.31 9999.99 8.48 8.78 0.63 0.77 0.76
169.0215 95.30 90.48 81.02 9999.99 9.13 8.90 0.72 0.79 0.86
169.0326 95.20 89.85 79.26 9999.99 8.96 8.92 0.65 0.79 0.78
169.0444 95.40 89.57 81.58 9999.99 8.84 8.78 0.69 0.76 0.85
169.0771 95.20 90.37 80.19 9999.99 7.92 8.95 0.78 0.82 0.89
169.0882 95.10 90.38 80.95 9999.99 7.99 9.04 0.77 0.79 1.00
169.0993 95.10 89.84 80.81 9999.99 8.19 8.94 0.77 0.80 0.78
169.1313 95.20 90.29 79.53 9999.99 10.07 8.87 0.77 0.82 0.82
169.1424 95.10 90.42 79.65 9999.99 10.07 8.93 0.75 0.78 0.80
169.1549 95.10 89.96 79.39 9999.99 8.49 9.00 0.71 0.80 0.97
169.1868 95.30 89.94 78.37 9999.99 9.94 8.77 0.79 0.81 0.96
169.1979 95.10 90.03 78.60 9999.99 10.60 9.08 0.73 0.77 0.77
169.2090 95.10 90.08 80.05 9999.99 9.26 9.02 0.70 0.77 0.73
169.2410 95.10 89.94 78.77 9999.99 9.37 8.84 0.74 0.80 1.02
169.2535 95.10 90.08 79.91 9999.99 8.76 9.06 0.71 0.73 0.76
169.2646 95.10 90.56 79.15 9999.99 10.93 8.87 0.73 0.78 0.75
169.2958 95.10 90.00 79.02 9999.99 10.82 8.97 0.65 0.80 0.84
169.3069 95.20 89.81 78.46 9999.99 9.95 8.98 0.63 0.79 0.85
169.3181 95.20 90.63 80.27 9999.99 10.46 9.22 0.67 0.77 0.75
169.3507 95.20 89.65 81.85 9999.99 12.05 9.09 0.75 0.77 1.00
169.3618 95.10 89.99 81.34 9999.99 11.95 9.03 0.67 0.75 0.83
169.3736 95.20 90.25 82.08 9999.99 10.27 9.13 0.65 0.75 0.83
169.4049 95.20 89.38 82.21 9999.99 12.01 8.77 0.64 0.75 0.69
169.4167 95.30 89.59 83.40 9999.99 11.10 9.01 0.64 0.75 0.74
169.4271 95.30 90.30 82.17 9999.99 10.45 8.97 0.63 0.77 0.52
169.4590 95.30 89.81 83.81 9999.99 10.22 8.93 0.76 0.75 0.75
169.4708 95.30 89.98 83.40 9999.99 9.45 8.81 0.68 0.72 0.72
169.4819 95.20 89.52 83.66 9999.99 10.03 9.10 0.64 0.71 0.76
169.5139 95.20 90.15 85.44 9999.99 10.40 9.01 0.72 0.76 0.72
169.5257 95.10 89.64 85.60 9999.99 9.00 8.95 0.65 0.74 0.68
169.5361 95.10 89.85 84.93 9999.99 9.83 8.95 0.60 0.72 0.85
169.5688 95.00 88.81 83.13 9999.99 8.03 8.76 0.71 0.77 0.89
169.5806 95.00 89.51 83.03 9999.99 8.49 8.97 0.68 0.73 0.77
169.5924 95.00 89.50 82.80 9999.99 9.36 9.03 0.70 0.74 0.82
169.6236 95.00 88.78 81.44 9999.99 8.17 8.88 0.70 0.80 0.85
169.6354 94.90 89.28 81.59 9999.99 9.33 8.90 0.58 0.74 0.78
169.6465 95.00 89.34 81.80 9999.99 9.28 9.00 0.68 0.78 0.75
169.6792 94.90 88.81 83.13 9999.99 8.23 8.93 0.74 0.79 0.86
169.6896 94.90 89.17 82.72 9999.99 8.60 8.98 0.71 0.74 0.67
169.7021 94.90 88.75 82.62 9999.99 8.44 8.97 0.74 0.70 0.69
169.7340 95.00 88.93 84.64 9999.99 9.34 8.73 0.79 0.79 0.96
169.7444 9999.99 89.17 85.69 9999.99 9.83 8.96 0.75 0.72 0.81
169.7569 95.10 89.25 85.97 9999.99 9.80 9.03 0.69 0.75 0.79
169.7889 95.10 88.63 84.35 9999.99 9.01 8.75 0.74 0.77 0.92
169.7993 95.20 89.11 84.83 9999.99 7.32 8.80 0.65 0.78 0.73
169.8118 95.10 88.86 83.16 9999.99 8.84 9.11 0.68 0.75 0.74
170.5438 95.20 9999.99 9999.99 9999.99 8.55 8.99 0.53 9999.99 0.65
170.5792 95.00 90.58 9999.99 9999.99 9.41 9.16 0.45 9999.99 0.79
170.5910 95.10 90.20 9999.99 9999.99 9.12 8.92 0.50 9999.99 0.64
170.6014 9999.99 90.09 9999.99 9999.99 9.62 9.05 0.49 0.81 0.69
170.6340 94.90 90.07 9999.99 9999.99 8.71 8.97 0.67 0.87 0.75
170.6458 95.00 90.24 9999.99 9999.99 9.23 8.98 0.65 0.82 0.65
170.6569 94.90 89.81 77.18 9999.99 9.38 9.15 0.53 0.80 0.63
170.6917 95.00 89.66 77.29 9999.99 10.69 9.35 0.51 0.86 0.64
170.7028 95.00 89.82 76.46 9999.99 10.11 9.17 0.50 0.79 0.63
170.7465 95.10 89.68 78.91 9999.99 10.17 9.06 0.68 0.81 0.79
170.7576 95.00 90.01 81.09 9999.99 9.54 8.92 0.61 0.75 0.53
170.7688 95.10 90.00 82.16 9999.99 9.22 8.92 0.67 0.76 0.61
170.8014 95.10 89.74 81.03 9999.99 8.54 9.18 0.75 0.78 0.67
170.8125 95.10 89.68 80.99 9999.99 8.52 8.95 0.61 0.77 0.61
170.8243 95.10 89.36 81.74 9999.99 9.98 9.07 0.56 0.79 0.67
170.8556 95.20 89.79 81.88 9999.99 11.74 9.07 0.62 0.80 0.62
170.8667 95.30 89.65 82.12 9999.99 11.13 9.11 0.56 0.74 0.69
170.8771 95.20 89.66 82.88 9999.99 11.58 9.05 0.56 0.78 0.73
170.9104 95.30 89.24 81.79 9999.99 11.27 8.95 0.86 0.85 0.91
170.9215 95.20 89.73 83.61 9999.99 10.20 9.21 0.73 0.74 0.81
170.9319 95.30 89.99 83.24 9999.99 10.22 9.21 0.69 0.72 0.83
170.9632 95.20 89.54 82.75 9999.99 10.19 9.04 0.62 0.72 1.12
170.9757 95.20 89.75 83.65 9999.99 10.42 9.28 0.64 0.70 0.91
170.9868 95.30 89.47 83.86 9999.99 10.01 9.23 0.68 0.67 0.86
171.0188 95.30 89.49 83.11 9999.99 9.58 9.11 0.77 0.71 0.96
171.0306 95.30 90.08 83.84 9999.99 9.57 9.27 0.66 0.69 0.74
171.0417 95.20 90.09 82.84 9999.99 9.61 9.16 0.61 0.68 0.79
171.0729 95.10 88.72 82.99 9999.99 9.97 9.06 0.68 0.71 0.97
171.0840 95.10 89.73 83.53 9999.99 10.68 9.22 0.66 0.72 0.88
171.0951 95.00 89.54 83.24 9999.99 9.89 9.16 0.61 0.67 0.85
171.1278 95.10 90.05 84.24 9999.99 10.01 9.11 0.66 0.74 0.88
171.1396 95.20 89.73 83.36 9999.99 10.08 9.20 0.62 0.70 0.74
171.1507 95.20 88.99 82.52 9999.99 10.31 9.16 0.63 0.73 0.78
171.1819 95.10 88.99 81.59 9999.99 10.96 9.16 0.60 0.68 0.72
171.1924 95.30 89.19 82.27 9999.99 10.37 8.83 0.64 0.68 0.66
171.2035 95.20 89.74 82.40 9999.99 11.49 9.22 0.71 0.69 0.83
171.2361 95.10 89.77 9999.99 9999.99 9.07 8.99 0.62 0.79 0.86
171.2479 95.10 91.19 9999.99 9999.99 8.78 9999.99 9999.99 0.82 0.74
171.2597 95.10 9999.99 9999.99 9999.99 9999.99 9999.99 9999.99 0.80 0.81
171.3049 95.20 9999.99 9999.99 9999.99 9999.99 9999.99 9999.99 9999.99 0.82
171.4076 95.30 90.77 9999.99 9999.99 9.00 8.88 0.67 0.85 0.90
171.4306 95.20 90.13 9999.99 9999.99 8.78 8.90 0.52 0.79 0.85
171.4639 95.20 90.04 9999.99 9999.99 7.48 8.88 0.68 0.84 0.95
171.4757 95.10 89.72 9999.99 9999.99 8.29 8.94 0.51 0.83 0.80
171.4868 95.10 90.07 9999.99 9999.99 8.29 8.88 0.52 0.81 0.64
171.5194 95.00 89.90 9999.99 9999.99 7.22 8.81 0.61 0.82 0.86
171.5313 95.10 89.52 9999.99 9999.99 8.16 8.74 0.53 0.81 0.75
171.5424 95.00 90.52 9999.99 9999.99 7.93 8.86 0.58 0.81 0.88
171.5868 95.00 90.58 9999.99 9999.99 7.38 8.85 0.55 0.90 0.81
171.5986 95.10 90.30 9999.99 9999.99 6.48 8.83 0.55 0.85 0.70
171.6299 9999.99 89.29 9999.99 9999.99 6.95 8.93 0.56 0.88 0.78
171.6417 94.90 89.34 9999.99 9999.99 6.53 9.11 0.51 0.79 0.65
171.6535 94.90 89.05 78.05 9999.99 7.02 8.81 0.51 0.75 0.85
171.6875 95.00 88.88 78.51 9999.99 7.99 8.90 0.49 0.77 0.61
171.6993 94.90 89.04 78.99 9999.99 7.30 9.16 0.51 0.78 0.59
171.7104 95.00 88.75 79.96 9999.99 7.57 9.17 0.53 0.74 0.66
171.7646 95.10 88.58 80.31 9999.99 9.05 8.96 0.54 0.70 0.57
171.7965 95.10 89.27 81.99 9999.99 8.87 9.11 0.68 0.87 0.69
171.8625 95.30 88.19 82.13 9999.99 8.84 9.05 0.55 0.89 0.55
171.8743 95.20 88.44 80.96 9999.99 9.47 9.01 0.57 0.85 0.67
171.9063 95.30 89.01 81.53 9999.99 8.02 9.19 0.66 0.92 0.80
171.9292 95.30 88.70 82.58 9999.99 9.10 8.95 0.62 0.87 0.61
171.9729 95.30 88.80 83.05 9999.99 10.25 9.23 0.57 0.86 0.67
171.9840 95.30 89.30 83.14 9999.99 9.66 8.91 0.56 0.87 0.65
172.0160 95.30 88.78 81.49 9999.99 8.90 8.73 0.80 0.90 0.76
172.0396 95.20 88.53 80.73 9999.99 9.73 9.03 0.65 0.93 0.75
172.0715 95.20 88.65 83.02 9999.99 7.92 9.11 0.80 0.94 0.76
172.0826 95.10 88.50 83.08 9999.99 8.40 9.02 0.74 0.95 0.76
172.1382 95.00 88.78 81.54 9999.99 8.94 8.81 0.73 0.92 0.71
172.1819 95.00 88.72 80.08 9999.99 8.11 8.84 0.79 0.92 0.93
172.1924 95.00 88.75 80.61 9999.99 7.54 9.14 0.74 0.89 1.05
172.2361 95.00 88.37 81.17 9999.99 8.62 8.86 0.69 0.88 0.94
172.2479 9999.99 89.15 81.71 9999.99 9.47 8.94 0.69 0.90 0.77
172.2590 95.00 89.10 80.83 9999.99 9.00 8.92 0.65 0.89 0.80
172.2917 95.00 89.00 81.17 9999.99 7.92 8.86 0.86 0.88 0.89
172.3021 95.30 89.30 80.99 9999.99 7.99 9.08 0.73 0.89 0.68
172.3132 95.00 89.58 80.09 9999.99 8.80 8.95 0.71 0.87 0.86
172.3458 95.00 88.97 82.69 9999.99 8.57 8.96 0.68 0.89 0.86
172.3576 95.10 88.84 82.82 9999.99 8.89 8.90 0.63 0.85 0.68
172.3688 95.20 88.55 83.20 9999.99 9999.99 8.86 0.77 0.82 0.63
172.4021 95.10 89.82 84.04 9999.99 8.83 8.90 0.55 0.81 0.79
172.4146 95.20 89.60 83.72 9999.99 8.60 8.82 0.56 0.78 0.71
172.4257 95.20 89.81 83.92 9999.99 8.32 9.04 0.63 0.78 0.67
172.4576 95.20 88.97 83.58 9999.99 7.40 8.81 0.72 0.79 0.90
172.4688 95.10 89.05 82.92 9999.99 8.38 8.94 0.69 0.81 0.82
172.4799 95.20 89.02 82.16 9999.99 8.13 8.81 0.69 0.80 0.72
172.5111 95.00 88.35 81.28 9999.99 7.95 8.74 0.70 0.82 0.83
172.5229 95.00 89.41 80.88 9999.99 8.23 8.86 0.64 0.81 0.86
172.5333 95.10 88.86 79.86 9999.99 7.73 9.16 0.59 0.80 0.76
172.5660 95.00 88.35 77.98 9999.99 6.82 8.65 0.65 0.79 0.96
172.5778 94.80 88.22 77.38 9999.99 7.02 8.72 0.60 0.80 0.80
172.5882 94.90 88.44 76.66 9999.99 7.58 8.75 0.59 0.83 0.75
172.6208 94.90 87.96 76.46 9999.99 7.39 8.71 0.66 0.81 0.77
172.6313 9999.99 88.39 78.50 9999.99 7.31 8.85 0.60 0.77 0.70
172.6431 94.80 88.55 78.30 9999.99 8.45 8.99 0.65 0.78 0.70
172.6750 94.80 88.68 78.43 9999.99 6.69 8.79 0.61 0.81 0.73
172.6868 94.80 88.26 78.39 9999.99 7.65 8.87 0.59 0.79 0.67
172.6979 94.80 89.23 80.08 9999.99 7.61 9.01 0.61 0.81 0.64
172.7319 94.90 88.60 80.93 9999.99 7.68 8.86 0.60 0.96 0.73
172.7438 95.00 88.83 80.55 9999.99 7.45 8.83 0.59 0.85 0.62
172.7861 95.00 88.97 82.91 9999.99 7.15 8.78 0.63 0.84 0.63
172.8069 95.00 88.78 82.50 9999.99 8.33 8.96 0.58 0.83 0.61
172.8403 95.10 88.32 82.40 9999.99 8.08 8.72 0.68 0.82 0.70
172.8514 95.20 89.01 82.62 9999.99 7.90 8.76 0.64 0.76 0.63
172.8618 95.30 89.24 83.48 9999.99 8.61 9.01 0.69 0.76 0.57
172.8938 95.20 88.64 84.01 9999.99 7.88 8.69 0.81 0.75 0.74
172.9167 95.10 88.88 82.43 9999.99 8.79 8.99 0.62 0.76 0.83
172.9500 95.10 88.70 82.54 9999.99 7.16 8.64 0.86 0.78 0.95
172.9604 95.10 88.54 82.14 9999.99 7.89 8.95 0.69 0.77 0.77
172.9715 95.10 88.35 81.77 9999.99 8.02 8.61 0.69 0.77 0.69
173.0042 95.10 89.10 82.37 9999.99 7.41 8.90 0.77 0.76 0.88
173.0153 9999.99 88.96 9999.99 9999.99 8.13 8.75 0.73 0.75 0.60
173.0583 95.00 88.41 9999.99 9999.99 7.94 8.88 0.77 0.76 0.88
173.0708 95.00 89.12 83.01 9999.99 8.40 8.82 0.77 0.78 0.66
173.0819 95.00 89.09 83.02 9999.99 8.30 8.87 0.68 0.77 0.78
173.1153 94.90 88.49 81.39 9999.99 8.59 8.76 0.56 0.75 0.77
173.1264 94.90 89.46 82.19 9999.99 8.45 8.97 0.63 0.76 0.76
173.1382 9999.99 89.13 81.52 9999.99 8.47 8.81 0.61 0.75 0.64
173.2243 94.90 88.43 80.88 9999.99 7.60 8.66 0.69 0.82 0.77
173.2354 94.80 88.92 81.26 9999.99 7.54 8.72 0.66 0.79 0.62
173.2465 95.00 88.64 80.29 9999.99 7.71 8.72 0.57 0.74 0.80
173.2882 95.00 88.56 81.60 9999.99 8.66 8.80 0.58 0.81 0.65
173.3444 95.00 87.54 82.04 9999.99 8.57 8.54 0.59 0.78 0.75
173.3556 95.10 88.65 82.84 9999.99 8.63 8.70 0.60 0.76 0.73
173.3861 95.10 88.63 84.30 9999.99 8.80 8.70 0.56 0.78 0.68
173.3986 95.10 88.45 84.70 9999.99 9.53 8.52 0.60 0.74 0.65
173.4417 95.10 88.83 84.55 9999.99 7.79 8.79 0.68 0.78 0.75
173.4535 95.10 88.04 84.90 9999.99 7.64 8.75 0.63 0.76 0.57
173.4965 95.00 88.43 84.56 9999.99 7.38 8.71 0.64 0.77 0.85
173.5076 95.00 88.07 84.59 9999.99 7.44 8.67 0.65 0.76 0.59
173.5181 94.90 88.23 84.13 9999.99 7.22 8.83 0.63 0.75 0.67
173.5507 94.90 88.08 82.26 9999.99 6.69 8.62 0.66 0.79 0.62
173.5625 94.90 88.04 81.23 9999.99 7.07 8.58 0.69 0.81 0.72
173.5736 94.90 88.42 81.22 9999.99 7.29 8.69 0.58 0.79 0.67
173.6049 94.80 88.08 81.16 9999.99 7.40 8.74 0.69 0.80 0.84
173.6167 94.80 88.28 81.02 9999.99 7.63 8.77 0.63 0.80 0.83
173.6285 94.70 88.04 80.80 9999.99 7.42 8.72 0.70 0.82 0.68
173.6597 94.80 87.93 79.04 9999.99 7.10 8.76 0.76 0.85 0.83
173.6715 94.80 88.00 79.75 9999.99 6.97 8.66 0.66 0.81 0.70
173.6826 94.80 88.25 79.02 9999.99 7.74 8.81 0.61 0.84 0.81
173.7153 9999.99 88.35 78.05 9999.99 7.11 8.72 0.72 0.84 0.84
173.7264 94.80 88.19 79.39 9999.99 7.96 8.76 0.70 0.87 0.78
173.7368 95.00 88.41 79.30 9999.99 7.96 8.85 0.61 0.84 0.67
173.7701 95.10 89.21 79.01 9999.99 9.05 8.85 0.62 0.89 0.79
173.7813 95.00 88.44 79.97 9999.99 8.23 8.90 0.59 0.79 0.84
173.7917 94.90 88.45 80.78 9999.99 8.69 8.93 0.66 0.80 0.98
173.8250 95.00 88.31 80.72 9999.99 7.87 8.80 0.80 0.80 1.03
173.8354 95.10 88.84 80.53 9999.99 8.35 8.99 0.71 0.77 0.98
173.8465 95.10 88.73 81.51 9999.99 8.38 8.79 0.65 0.81 0.94
173.8792 95.20 88.65 80.52 9999.99 7.92 8.67 0.75 0.79 1.01
173.8903 95.10 88.94 81.32 9999.99 8.64 8.84 0.78 0.78 0.99
173.9014 95.10 88.80 80.95 9999.99 8.88 8.97 0.67 0.77 1.00
173.9326 95.20 88.82 81.69 9999.99 8.61 8.94 0.67 0.80 0.79
173.9444 95.20 88.58 80.71 9999.99 8.32 8.88 0.55 0.82 0.88
173.9556 95.20 88.49 81.92 9999.99 8.48 8.86 0.64 0.80 0.77
173.9868 95.00 88.59 80.40 9999.99 7.31 8.53 0.77 0.82 0.80
174.0104 95.00 88.61 82.12 9999.99 8.76 8.91 0.68 0.90 0.78
174.0528 95.00 88.85 81.61 9999.99 7.99 8.80 0.63 0.79 0.74
174.0972 94.90 88.33 80.74 9999.99 8.30 8.60 0.82 0.76 1.14
174.1083 94.90 88.76 81.44 9999.99 7.87 8.61 0.74 0.76 0.93
174.1514 94.90 88.14 81.05 9999.99 8.64 8.63 0.82 0.70 1.26
174.1625 94.90 89.07 81.06 9999.99 8.67 8.79 0.99 0.69 1.37
174.1736 94.90 88.65 80.46 9999.99 8.77 8.90 0.84 0.68 1.21
174.2063 94.90 88.87 80.81 9999.99 7.51 8.65 0.99 0.69 1.28
174.2174 94.90 89.67 80.51 9999.99 7.57 8.87 0.85 0.67 1.07
174.2292 95.00 87.97 80.33 9999.99 8.30 8.75 0.87 0.68 1.42
174.2604 94.90 88.84 80.44 9999.99 7.76 8.65 0.97 0.69 1.11
174.2715 95.00 88.74 80.81 9999.99 7.52 8.72 0.84 0.66 1.27
174.2826 95.00 88.72 81.50 9999.99 7.84 8.46 0.85 0.69 1.26
174.3153 95.10 88.78 80.36 9999.99 7.25 8.82 0.99 0.68 1.38
174.3264 95.10 88.95 81.31 9999.99 8.01 8.59 1.00 0.65 1.17
174.3382 95.10 89.10 83.63 9999.99 8.92 8.88 0.94 0.64 1.19
174.3701 95.30 89.34 83.73 9999.99 8.73 9.06 0.84 0.66 1.20
174.3806 95.10 89.04 82.85 9999.99 8.75 8.66 0.79 0.67 1.14
174.3917 95.10 88.75 83.11 9999.99 8.80 8.67 0.93 0.63 1.08
174.4250 95.00 89.52 84.55 9999.99 7.95 8.75 0.84 0.63 1.11
174.4472 95.00 88.84 82.94 9999.99 8.06 8.71 0.73 0.67 0.95
174.4910 95.00 88.87 80.37 9999.99 7.69 8.60 0.77 0.77 0.96
174.5326 94.90 88.11 80.17 9999.99 7.35 8.60 0.79 0.75 1.12
174.5438 94.80 88.55 78.72 9999.99 7.84 8.63 0.72 0.72 0.96
174.5868 9999.99 88.86 77.98 9999.99 7.36 8.65 0.77 0.78 1.23
174.5986 94.80 88.68 75.80 9999.99 8.44 8.61 0.70 0.76 1.09
174.6104 94.80 88.62 9999.99 9999.99 7.97 8.68 0.69 0.80 1.08
174.6417 94.80 88.33 9999.99 9999.99 6.95 8.49 0.71 0.82 1.15
174.6535 94.70 88.57 9999.99 9999.99 8.10 8.54 0.67 0.78 0.95
