cases/OP3/data/cam-diracfmw_bukit-atur_20080616.na
33 1001
ROBINSON, Andrew
Centre for Atmospheric Science, University of Cambridge, Cambridge, CB2 1EW, UK
Tracer measurements from microDiracFMW located at the Bukit Atur Gaw station, Danum valley (4.980 N, 117.844 E)
OP3
1 1
2008 06 16 2009 06 17
0
local julian day
9
1.0 1.0 1.0 1.0 1.0 1.0 1.0 1.0 1.0
9999.99 9999.99 9999.99 9999.99 9999.99 9999.99 9999.99 9999.99 9999.99
ambient atmospheric pressure (kPa)
carbon tetrachloride volume mixing ratio (pptv)
CFC-113 volume mixing ratio (pptv)
methyliodide volume mixing ratio (pptv)
chloroform volume mixing ratio (pptv)
methylchloroform volume mixing ratio (pptv)
dibromomethane volume mixing ratio (pptv)
perchloroethene volume mixing ratio (pptv)
bromoform volume mixing ratio (pptv)
0
10
Comments:
Detailed analysis is still ongoing therefore small updates to these data may occur.
Samples are adsorbed onto a sampling tube over a typical 2 minute time period starting at the given time.
The following measurement precisions are based on 1 standard deviation of the running calibrations typically measured every 2 hours:
carbontetrachloride 0.39%, CFC-113 1.20%, methyliodide 13.50%, chloroform 3.03%, methylchloroform 0.86%, dibromomethane 6.11%, perchloroethene 2.39%, bromoform 3.16%
For overall measurement uncertainty add in quadrature the following errors associated with the calibration standard:
carbontetrachloride 0.3%, CFC-113 0.6%, methyliodide 2.9%, chloroform 0.8%, methylchloroform 0.9%, dibromomethane 2.1%, perchloroethene 3.0%, bromoform 2.2%
Please contact the microDirac team before using these data.
Email: adr22@cam.ac.uk
localjuliantime P ccl4 cfc113 ch3i chcl3 ch3ccl3 ch2br2 c2cl4 chbr3
[from data line 2641]
219.8306 95.00 87.52 82.77 9999.99 10.85 9.06 0.97 0.73 1.70
219.8410 95.00 87.90 84.71 3.04 10.97 8.99 0.93 0.76 2.01
219.8521 95.10 87.23 82.84 9999.99 11.35 9.05 0.93 0.68 1.88
219.8646 95.10 87.51 83.55 9999.99 12.00 9.46 0.98 0.67 1.84
219.8750 95.10 87.44 83.64 9999.99 12.13 9.21 0.93 0.67 2.07
219.8875 95.10 87.54 84.88 9999.99 11.53 9.12 1.03 0.66 2.06
219.9188 95.10 87.61 81.77 1.96 10.75 9.20 1.10 0.69 1.98
219.9299 95.10 87.72 83.70 2.01 10.83 8.77 0.93 0.75 1.92
219.9424 95.10 87.65 83.57 9999.99 12.57 9.18 1.20 0.69 1.96
219.9528 95.10 88.15 83.52 9999.99 12.62 9.15 1.16 0.73 2.23
219.9639 95.00 87.04 82.12 1.66 12.48 8.93 0.98 0.69 1.81
219.9764 95.00 86.79 81.92 2.17 12.17 9.23 1.02 0.65 2.15
219.9868 95.10 87.81 83.44 2.24 12.44 9.45 1.23 0.69 1.93
219.9979 95.10 86.85 82.12 1.21 12.26 8.99 0.84 0.64 1.91
220.0306 95.00 87.36 82.03 9999.99 12.10 9.13 0.91 0.73 2.17
220.0417 94.90 87.69 82.05 9999.99 10.87 9.20 1.06 0.71 1.82
220.0528 95.00 87.07 82.75 9999.99 11.45 9.18 1.15 0.74 2.32
220.0639 95.00 87.19 82.02 9999.99 11.58 9.08 1.15 0.70 2.12
220.0764 95.00 87.27 85.08 9999.99 11.69 9.05 1.04 0.66 2.20
220.0875 95.00 87.42 84.28 9999.99 12.01 8.80 0.99 0.67 2.13
220.0986 95.00 87.20 83.34 9999.99 11.78 9.03 1.05 0.69 2.20
220.1097 95.00 87.32 82.63 9999.99 12.37 9.13 0.94 0.67 1.72
220.1417 95.00 87.28 83.37 9999.99 10.85 8.80 1.12 0.66 2.08
220.1653 95.10 87.92 83.82 9999.99 10.45 9.05 1.09 0.69 1.71
220.1764 95.00 87.55 82.93 9999.99 11.23 9.06 1.00 0.69 1.70
220.1875 95.00 87.43 81.74 9999.99 11.28 9.11 0.99 0.61 1.69
220.1986 95.10 87.68 83.55 9999.99 12.62 8.89 0.94 0.64 1.84
220.2215 95.00 88.56 82.07 9999.99 10.92 9.46 0.95 0.68 1.84
220.2542 95.10 87.31 82.35 9999.99 9.77 8.87 1.23 0.71 2.09
220.2653 95.00 88.27 82.24 1.86 11.91 8.56 0.93 0.65 1.66
220.2875 95.00 87.87 83.74 9999.99 11.87 8.66 0.96 0.63 1.91
220.3104 95.00 87.29 82.84 9999.99 13.24 8.80 0.94 0.57 1.81
220.3222 95.10 87.11 81.85 9999.99 12.50 9.06 0.97 0.56 1.70
220.3333 95.00 86.32 84.73 9999.99 14.70 8.73 1.20 0.58 1.75
220.3653 95.10 87.22 83.35 1.64 10.48 9.18 1.16 0.71 2.00
220.3764 95.00 87.57 82.74 9999.99 11.31 9.04 0.95 0.63 1.72
220.3882 95.00 87.04 85.05 1.22 12.21 9.02 0.99 0.67 2.02
220.3993 95.00 87.31 83.88 9999.99 10.82 9.01 1.01 0.67 1.73
220.4111 94.90 87.22 82.85 2.53 12.12 9.02 1.00 0.64 1.80
220.4222 95.00 87.71 85.01 9999.99 11.80 8.72 0.97 0.64 1.68
220.4333 94.90 87.49 84.20 9999.99 11.16 8.83 0.94 0.69 1.93
220.4451 94.90 87.31 82.62 9999.99 10.22 8.90 0.82 0.62 1.70
220.4771 94.90 88.21 84.80 1.57 8.97 8.92 0.94 0.68 1.74
220.4882 94.90 88.10 84.95 9999.99 8.43 9.00 1.03 0.67 1.56
220.5000 94.90 87.82 83.59 9999.99 9.66 9.06 1.05 0.64 1.72
220.5111 94.80 87.61 84.96 9999.99 8.49 9.11 0.95 0.67 1.57
220.5215 94.90 88.36 83.91 9999.99 9.70 9.04 0.92 0.67 1.65
220.5333 94.90 87.55 84.48 9999.99 9.94 9.17 1.05 0.64 1.71
220.5451 94.80 88.24 84.73 9999.99 10.92 9.17 0.94 0.67 1.64
220.5569 94.90 87.74 84.53 9999.99 9.57 9.30 0.97 0.63 1.67
220.5882 94.80 87.95 85.11 1.93 9.40 8.83 0.95 0.65 1.94
220.6000 94.80 88.15 84.02 9999.99 9.60 9.12 0.96 0.64 1.72
220.6118 94.80 87.97 84.71 9999.99 10.60 9.06 0.98 0.67 1.90
220.6222 94.70 87.68 84.06 9999.99 9.97 8.94 0.97 0.71 1.54
220.6340 94.70 88.29 84.26 1.63 10.34 9.24 0.97 0.73 1.53
220.6458 94.70 88.07 84.09 1.46 9.96 9.08 1.02 0.66 1.71
220.6569 94.70 88.25 83.09 9999.99 9.96 9.16 0.93 0.66 1.62
220.6688 94.70 87.65 83.73 9999.99 9.48 9.04 1.00 0.66 1.65
220.7000 94.70 87.94 84.83 9999.99 9.04 9.05 0.94 0.66 1.63
220.7111 94.80 88.05 84.41 9999.99 9.56 9.24 1.02 0.66 1.76
220.7236 94.80 88.31 83.58 9999.99 11.66 9.05 0.94 0.66 1.78
220.7340 94.80 87.93 84.98 1.40 10.38 9.02 0.98 0.64 1.60
220.7451 94.80 87.56 83.56 2.57 10.07 8.91 1.05 0.67 1.66
220.7576 94.80 88.16 85.42 9999.99 9.70 9.18 0.96 0.66 1.61
220.7681 94.80 88.14 84.81 9999.99 10.33 9.17 0.90 0.68 1.52
220.7792 94.80 88.41 85.98 9999.99 9.98 9.02 0.95 0.70 1.68
220.8125 94.90 87.55 83.83 2.62 9.15 9.14 1.07 0.74 1.58
220.8229 95.00 87.49 84.95 1.69 9.55 9.07 0.96 0.65 1.72
220.8347 95.00 87.69 84.68 9999.99 10.72 9.17 0.83 0.67 1.49
220.8458 9999.99 87.99 84.99 9999.99 11.56 9.21 0.92 0.61 1.74
220.8569 95.10 88.03 84.70 9999.99 10.21 9.26 0.93 0.64 1.57
220.8694 9999.99 88.71 84.67 9999.99 11.19 9.13 0.98 0.73 1.72
220.8799 95.10 87.84 85.40 9999.99 12.76 9.09 0.94 0.62 1.69
220.8910 95.10 88.15 84.17 0.94 11.90 9.20 1.06 0.71 1.72
220.9347 95.10 87.60 84.67 9999.99 11.32 9.08 1.05 0.66 1.69
220.9458 95.10 88.06 84.02 2.56 11.58 9.18 0.91 0.64 1.81
220.9583 95.20 87.62 84.52 9999.99 11.74 9.14 1.05 0.63 1.90
220.9688 95.10 87.89 84.43 9999.99 12.14 8.81 0.97 0.69 1.79
220.9806 95.10 88.31 84.40 9999.99 11.11 8.91 0.98 0.74 1.80
220.9917 95.10 87.25 83.35 9999.99 12.37 9.17 1.04 0.64 1.70
221.0035 95.20 88.04 84.45 9999.99 11.52 9.01 0.98 0.61 1.76
221.0361 95.10 88.05 82.45 9999.99 11.73 8.95 1.11 0.68 1.71
221.0465 95.10 87.70 83.41 9999.99 13.10 9.05 1.18 0.56 1.54
221.0576 95.10 87.40 83.54 9999.99 12.66 8.94 0.96 0.68 2.04
221.0694 95.10 87.86 84.46 9999.99 14.03 8.62 0.94 0.59 1.51
221.0813 95.10 87.73 84.49 9999.99 12.62 8.95 0.99 0.61 1.54
221.0924 95.10 87.67 83.27 9999.99 12.33 8.93 1.05 0.62 1.40
221.1042 95.00 87.59 81.99 9999.99 12.55 8.83 0.94 0.58 1.50
221.1146 95.10 88.01 83.44 9999.99 11.98 9.19 0.96 0.61 1.47
221.1458 95.00 88.72 81.98 1.52 11.96 9.10 0.79 0.62 1.37
221.1569 95.00 87.78 81.65 9999.99 10.94 8.84 0.91 0.64 1.18
221.1694 95.00 88.40 82.71 9999.99 10.75 9.05 0.78 0.61 1.13
221.1924 94.90 88.09 83.01 9999.99 10.91 8.92 0.73 0.58 1.34
221.2028 95.00 88.05 81.85 9999.99 10.46 8.97 0.94 0.56 1.23
221.2139 95.00 88.17 82.74 9999.99 11.10 8.87 0.78 0.58 1.14
221.2257 95.20 87.66 82.86 9999.99 9.69 8.71 0.88 0.64 1.11
221.2583 95.10 88.73 81.87 9999.99 9.99 8.67 0.94 0.66 1.46
221.2694 95.00 88.09 82.51 9999.99 11.02 8.84 0.76 0.57 1.11
221.2813 95.10 87.90 81.14 9999.99 12.25 8.85 0.87 0.61 1.05
221.2917 95.10 89.10 81.53 9999.99 10.56 8.90 0.80 0.56 1.06
221.3028 95.10 88.82 81.69 1.33 10.59 8.99 0.86 0.62 1.15
221.3153 95.10 88.33 81.81 1.21 10.79 9.01 0.84 0.66 1.03
221.3264 95.10 88.53 81.80 1.24 9.67 9.02 0.86 0.59 1.25
