cases/OP3/data/cam-diracfmw_bukit-atur_20080616.na
33 1001
ROBINSON, Andrew
Centre for Atmospheric Science, University of Cambridge, Cambridge, CB2 1EW, UK
Tracer measurements from microDiracFMW located at the Bukit Atur Gaw station, Danum valley (4.980 N, 117.844 E)
OP3
1 1
2008 06 16 2009 06 17
0
local julian day
9
1.0 1.0 1.0 1.0 1.0 1.0 1.0 1.0 1.0
9999.99 9999.99 9999.99 9999.99 9999.99 9999.99 9999.99 9999.99 9999.99
ambient atmospheric pressure (kPa)
carbon tetrachloride volume mixing ratio (pptv)
CFC-113 volume mixing ratio (pptv)
methyliodide volume mixing ratio (pptv)
chloroform volume mixing ratio (pptv)
methylchloroform volume mixing ratio (pptv)
dibromomethane volume mixing ratio (pptv)
perchloroethene volume mixing ratio (pptv)
bromoform volume mixing ratio (pptv)
0
10
Comments:
Detailed analysis is still ongoing therefore small updates to these data may occur.
Samples are adsorbed onto a sampling tube over a typical 2 minute time period starting at the given time.
The following measurement precisions are based on 1 standard deviation of the running calibrations typically measured every 2 hours:
carbontetrachloride 0.39%, CFC-113 1.20%, methyliodide 13.50%, chloroform 3.03%, methylchloroform 0.86%, dibromomethane 6.11%, perchloroethene 2.39%, bromoform 3.16%
For overall measurement uncertainty add in quadrature the following errors associated with the calibration standard:
carbontetrachloride 0.3%, CFC-113 0.6%, methyliodide 2.9%, chloroform 0.8%, methylchloroform 0.9%, dibromomethane 2.1%, perchloroethene 3.0%, bromoform 2.2%
Please contact the microDirac team before using these data.
Email: adr22@cam.ac.uk
localjuliantime P ccl4 cfc113 ch3i chcl3 ch3ccl3 ch2br2 c2cl4 chbr3
[from data line 1319]
196.4493 95.30 87.95 82.95 9999.99 8.55 8.79 0.79 0.63 1.35
196.4611 95.20 87.64 81.86 9999.99 9.37 8.96 0.89 0.61 1.50
196.4722 95.20 87.24 82.15 9999.99 8.43 8.72 0.84 0.61 1.33
196.5049 95.20 87.85 80.38 9999.99 7.07 9.01 0.87 0.63 1.53
196.5271 95.10 88.09 82.28 9999.99 7.14 8.93 0.83 0.69 1.32
196.5389 95.10 87.72 9999.99 9999.99 7.45 9.02 0.87 0.59 1.39
196.5493 95.10 87.91 9999.99 9999.99 8.02 9.11 0.73 0.61 1.23
196.5611 9999.99 88.10 9999.99 9999.99 7.83 8.92 0.80 0.63 1.47
196.5729 95.10 88.39 81.94 9999.99 7.38 8.95 0.80 0.64 1.44
196.5840 95.10 88.56 81.53 9999.99 7.66 8.77 0.79 0.61 1.40
196.6160 95.00 87.69 81.23 9999.99 7.24 8.92 0.94 0.66 1.33
196.6271 95.00 88.22 81.78 9999.99 7.54 8.74 0.88 0.63 1.27
196.6389 94.90 88.57 81.96 9999.99 8.05 8.52 0.87 0.61 1.27
196.6493 94.90 88.17 81.47 9999.99 8.13 9.04 0.82 0.64 1.59
196.6611 94.80 88.34 81.33 9999.99 7.53 8.91 0.80 0.59 1.26
196.6722 94.90 87.99 81.78 9999.99 8.12 8.89 0.81 0.62 1.28
196.6840 94.90 88.25 83.31 9999.99 8.56 8.97 0.92 0.63 1.29
196.6951 94.90 88.07 81.67 9999.99 8.46 8.81 0.87 0.62 1.47
196.7264 95.00 88.45 82.32 9999.99 7.32 8.87 0.88 0.65 1.36
196.7375 9999.99 88.41 82.14 9999.99 8.02 8.98 0.86 0.62 1.32
196.7500 94.90 87.70 82.43 9999.99 7.94 9.13 0.84 0.64 1.36
196.7604 95.00 87.99 82.61 9999.99 8.41 9.07 0.84 0.58 1.43
196.7722 95.00 88.08 82.65 9999.99 8.13 8.86 0.84 0.61 1.07
196.7833 95.00 88.70 82.89 9999.99 8.77 8.98 0.86 0.63 1.16
196.7944 95.10 88.09 81.71 9999.99 8.27 8.89 0.86 0.60 1.23
196.8063 95.10 88.61 82.89 9999.99 8.14 9.03 0.86 0.63 1.29
196.8382 95.20 88.34 83.23 9999.99 7.81 8.84 1.12 0.66 1.26
196.8493 95.20 88.38 83.70 9999.99 7.82 8.79 0.93 0.61 1.29
196.8611 95.30 87.95 82.02 9999.99 8.52 8.83 0.95 0.62 1.39
196.8722 95.20 88.95 83.32 9999.99 8.38 8.95 0.97 0.60 1.27
196.8826 95.20 88.49 81.76 9999.99 8.39 9.01 0.87 0.66 1.31
196.8951 95.20 89.17 82.67 9999.99 8.49 9.00 0.95 0.65 1.43
196.9063 9999.99 89.16 82.40 9999.99 8.78 8.98 0.95 0.63 1.65
196.9167 95.20 88.61 83.08 9999.99 8.14 9.17 1.02 0.61 2.01
196.9493 95.20 88.47 82.61 9999.99 7.05 9.07 1.07 0.61 1.91
196.9604 95.20 88.71 82.86 9999.99 7.28 8.82 1.07 0.62 1.78
196.9715 95.30 88.28 82.36 9999.99 7.57 9.23 1.02 0.63 1.97
196.9833 95.30 89.45 82.01 9999.99 8.18 9.04 1.08 0.61 1.96
196.9944 95.30 88.38 82.44 9999.99 7.71 9.12 1.05 0.60 2.27
197.0056 95.30 88.58 81.54 9999.99 7.77 9.02 1.15 0.61 2.26
197.0167 95.20 88.98 82.16 9999.99 7.92 9.09 1.05 0.67 2.28
197.0278 95.10 88.03 81.27 9999.99 7.84 9.03 1.16 0.57 2.08
197.0590 95.10 87.77 81.15 9999.99 7.93 9.21 1.13 0.62 2.14
197.0708 95.00 88.30 80.52 9999.99 7.92 9.09 1.08 0.61 2.11
197.0826 95.00 87.82 80.87 9999.99 7.43 9.15 1.10 0.65 2.14
197.0938 95.00 87.87 80.73 9999.99 7.55 9.05 1.09 0.62 2.34
197.1042 95.00 88.33 80.72 9999.99 7.91 8.98 1.11 0.65 1.96
197.1160 95.00 88.39 82.19 9999.99 7.87 9.16 1.13 0.58 2.20
197.1278 95.00 88.60 81.08 9999.99 7.57 9.19 1.07 0.56 2.17
197.1389 95.00 88.92 80.87 9999.99 8.01 8.98 0.98 0.61 1.48
197.1708 95.00 88.65 80.20 9999.99 8.13 8.89 1.20 0.61 2.23
197.1819 95.00 88.91 82.08 9999.99 8.51 9.26 1.28 0.64 2.26
197.1931 95.00 88.17 82.11 9999.99 9.62 8.98 1.16 0.62 2.32
197.2042 9999.99 88.58 82.53 9999.99 8.31 9.30 1.13 0.55 2.13
197.2153 95.10 88.55 81.71 9999.99 8.15 9.23 1.08 0.62 2.23
197.2278 95.00 88.34 82.52 9999.99 8.24 9.02 1.19 0.62 2.12
197.2389 95.10 88.03 80.06 9999.99 8.12 9.05 1.10 0.60 2.30
197.2500 95.00 88.06 81.41 9999.99 8.32 9.03 1.11 0.59 2.04
197.2813 95.00 88.25 80.29 9999.99 8.15 8.84 1.05 0.56 1.94
197.2924 95.10 88.67 82.18 9999.99 9.35 8.92 1.08 0.62 2.07
197.3035 95.10 88.81 81.55 9999.99 9.96 9.08 1.10 0.62 1.97
197.3153 95.20 88.84 82.84 9999.99 11.34 9.01 1.04 0.57 2.03
197.3271 95.20 88.73 81.14 9999.99 11.78 9.00 1.05 0.60 1.76
197.3382 95.20 87.16 81.30 9999.99 8.39 9.10 1.00 0.59 2.32
197.3493 95.20 87.22 80.70 9999.99 10.14 9.07 1.01 0.56 2.04
197.3604 95.20 88.11 82.50 9999.99 10.18 8.91 0.98 0.60 1.75
197.3924 95.20 87.32 81.43 9999.99 7.32 8.88 1.05 0.65 1.60
197.4042 95.20 87.65 82.55 9999.99 7.55 8.89 0.99 0.63 1.54
197.4153 95.20 87.81 81.80 9999.99 8.10 8.81 0.99 0.65 1.61
197.4264 95.20 87.17 81.75 9999.99 8.24 8.85 0.92 0.62 1.55
197.4382 95.20 87.18 81.60 9999.99 8.40 8.88 1.02 0.63 1.55
197.4493 95.20 87.57 81.63 9999.99 8.54 8.95 0.99 0.66 1.57
197.4597 9999.99 87.32 9999.99 9999.99 7.94 8.93 0.97 0.61 1.52
197.5035 95.00 87.93 9999.99 9999.99 7.12 8.65 0.87 0.63 1.82
197.5153 95.00 88.21 9999.99 9999.99 8.04 8.79 0.85 0.64 1.79
197.5493 94.90 9999.99 9999.99 9999.99 9999.99 8.53 0.92 0.63 1.78
197.5597 94.90 9999.99 9999.99 9999.99 9999.99 8.77 0.86 0.64 1.79
197.5715 94.90 87.96 9999.99 9999.99 9999.99 8.81 0.82 0.64 1.74
197.5833 94.90 9999.99 9999.99 9999.99 9999.99 8.69 0.83 0.61 1.73
197.6153 94.80 87.72 9999.99 9999.99 7.33 8.85 0.93 0.69 1.80
197.6271 9999.99 88.44 9999.99 9999.99 7.43 8.84 0.87 0.65 1.75
197.6493 94.80 88.01 9999.99 9999.99 7.83 8.83 0.84 0.64 1.80
197.6611 9999.99 88.24 9999.99 9999.99 7.57 8.80 0.80 0.66 1.71
197.6819 94.80 88.07 9999.99 9999.99 8.11 8.75 0.84 0.64 1.73
197.6931 94.80 88.04 9999.99 9999.99 7.52 8.68 0.80 0.66 1.84
197.7257 94.90 89.86 9999.99 9999.99 7.45 8.88 1.00 0.66 1.87
197.7368 94.80 89.02 9999.99 9999.99 8.22 8.74 0.97 0.66 1.79
197.7479 94.90 88.12 9999.99 9999.99 7.66 8.88 0.92 0.65 1.73
197.7597 95.00 88.75 9999.99 9999.99 8.19 9.08 1.01 0.63 1.95
197.7708 95.00 87.95 9999.99 9999.99 7.68 8.94 0.98 0.66 1.75
197.7826 95.00 87.93 9999.99 9999.99 8.16 8.89 0.89 0.63 1.88
197.7938 95.00 88.22 81.25 9999.99 8.04 8.95 0.87 0.62 1.73
197.8042 94.90 88.39 9999.99 9999.99 7.82 9.19 0.90 0.63 1.65
197.8361 94.90 88.55 81.21 9999.99 7.41 8.98 1.04 0.67 1.84
197.8486 95.00 88.38 81.42 9999.99 7.66 8.94 0.92 0.65 1.71
197.8590 95.00 88.17 81.86 9999.99 7.84 8.92 0.98 0.59 1.63
197.8701 95.20 88.11 81.44 9999.99 8.26 9.18 0.93 0.61 1.78
197.8819 95.10 88.05 81.52 9999.99 7.97 9.32 0.94 0.60 1.85
197.8931 95.00 88.62 81.49 9999.99 8.23 9.05 0.93 0.60 1.59
197.9042 95.00 88.12 82.35 9999.99 8.67 9.22 1.00 0.64 1.82
197.9160 95.10 87.99 81.81 9999.99 8.28 9.01 0.95 0.57 1.78
197.9479 95.20 89.24 81.12 9999.99 8.11 8.92 1.07 0.64 1.76
197.9597 9999.99 88.17 82.08 9999.99 8.03 9.17 1.05 0.62 1.70
197.9708 95.10 88.57 82.73 9999.99 7.78 9.05 1.01 0.59 1.51
197.9813 95.10 88.41 82.18 9999.99 8.32 9.13 1.00 0.62 1.75
197.9938 95.10 88.71 82.99 9999.99 9.16 9.07 0.98 0.62 1.62
198.0049 95.10 88.31 82.84 9999.99 8.77 8.98 1.00 0.63 1.83
198.0153 95.10 88.86 82.92 9999.99 8.74 9.12 1.02 0.63 1.91
198.0264 95.10 88.57 82.23 9999.99 8.39 8.76 1.04 0.64 1.96
198.0590 95.10 88.75 83.10 9999.99 8.13 8.96 1.12 0.64 1.79
198.0708 95.00 88.59 82.29 9999.99 8.24 9.04 1.08 0.59 1.74
198.0819 94.90 89.21 83.31 9999.99 8.24 9.03 1.07 0.63 1.71
198.0931 94.90 88.41 81.63 9999.99 8.98 9.07 1.12 0.62 1.60
198.1042 94.90 88.15 81.82 9999.99 8.12 8.98 1.04 0.62 1.57
198.1153 95.00 88.78 82.35 9999.99 8.26 8.99 1.06 0.63 1.75
198.1264 9999.99 88.65 81.32 9999.99 8.51 9.20 1.04 0.63 1.80
198.1389 95.00 89.02 82.26 9999.99 8.96 9.21 1.02 0.61 1.80
198.1708 95.00 88.77 81.09 9999.99 7.44 9.10 1.15 0.59 1.84
198.1819 94.90 89.13 81.63 9999.99 8.36 9.14 1.08 0.64 1.60
198.1924 95.00 88.54 81.36 9999.99 8.05 9.01 1.11 0.70 1.59
198.2042 95.00 88.63 81.35 9999.99 8.06 9.09 1.07 0.67 1.55
198.2153 94.90 88.81 82.07 9999.99 8.46 8.80 1.02 0.66 1.88
198.2271 94.90 88.85 81.83 9999.99 8.16 9.05 1.03 0.63 1.62
198.2382 94.90 88.74 81.89 9999.99 8.60 9.06 1.00 0.66 1.72
198.2500 95.00 89.01 81.81 9999.99 8.64 9.12 1.06 0.65 1.74
198.2813 94.90 88.56 81.25 9999.99 7.74 8.96 1.12 0.64 1.73
198.2924 95.00 88.91 81.69 9999.99 7.94 9.01 1.16 0.66 1.57
198.3035 95.00 88.70 81.71 9999.99 8.15 8.92 1.08 0.61 1.71
198.3160 95.00 88.89 81.81 9999.99 8.54 8.95 1.08 0.63 1.48
198.3271 95.10 88.66 83.13 9999.99 8.41 9.04 0.97 0.65 1.73
198.3382 95.10 86.96 82.28 9999.99 8.81 9.07 1.14 0.59 1.97
198.3493 95.10 87.84 82.11 9999.99 9.05 9.01 1.09 0.61 1.79
198.3611 95.10 87.67 82.42 9999.99 9.19 8.98 1.19 0.66 1.80
198.3924 95.10 87.49 82.13 9999.99 7.58 8.94 1.15 0.66 2.06
198.4042 95.00 88.05 83.13 9999.99 7.91 8.81 1.07 0.67 1.72
198.4153 95.00 86.98 82.45 9999.99 8.72 8.72 1.16 0.63 1.54
198.4271 95.00 87.40 82.55 9999.99 8.00 9.01 1.02 0.60 1.92
198.4382 94.90 88.35 81.76 9999.99 9.03 8.90 1.04 0.64 1.52
198.4493 95.00 88.00 81.42 9999.99 8.05 8.90 1.00 0.64 1.90
198.4604 94.90 87.29 82.59 9999.99 8.09 8.82 0.92 0.63 1.96
198.4715 94.90 88.35 81.70 9999.99 8.13 9.03 0.91 0.66 1.63
198.5035 94.90 87.78 81.38 9999.99 7.89 8.74 0.99 0.70 1.52
198.5153 94.90 87.91 81.64 9999.99 8.31 8.79 0.93 0.75 1.71
198.5271 94.90 87.74 81.16 9999.99 8.19 9.08 0.88 0.71 1.63
198.5375 94.90 88.09 81.56 9999.99 8.17 8.98 0.82 0.67 1.73
198.5493 94.90 87.82 81.93 9999.99 7.99 9.23 0.86 0.67 1.51
198.5611 94.80 88.46 80.91 9999.99 8.72 8.88 0.92 0.66 1.49
198.5715 94.80 88.65 80.91 9999.99 8.55 9.08 0.89 0.66 1.50
198.5833 94.80 88.25 82.39 9999.99 8.28 9.00 0.90 0.65 1.81
198.6146 94.80 88.10 82.74 9999.99 9.26 8.84 0.89 0.67 1.75
198.6257 94.80 88.14 83.36 9999.99 8.93 8.92 1.06 0.70 1.72
198.6375 94.70 87.26 82.82 9999.99 9.40 8.79 0.93 0.65 1.42
198.6479 94.80 87.88 83.93 9999.99 8.86 8.71 0.94 0.65 1.74
198.6597 94.60 88.45 84.22 9999.99 8.99 8.98 0.92 0.66 1.75
198.6715 94.70 87.79 82.39 9999.99 9.52 8.64 0.98 0.64 1.54
198.6819 94.60 88.42 84.14 9999.99 9.74 8.92 0.85 0.66 1.55
198.6931 94.80 88.66 82.86 9999.99 8.90 8.89 0.89 0.62 1.53
198.7257 94.70 88.11 81.99 9999.99 8.39 8.60 1.03 0.69 1.77
198.7368 94.80 88.60 82.40 9999.99 9.07 8.95 1.16 0.63 1.84
198.7479 94.80 88.00 82.65 9999.99 9.47 9.08 1.02 0.66 1.78
198.7597 94.90 88.62 82.71 9999.99 9.65 9.05 0.95 0.68 1.85
198.7708 94.90 88.33 82.55 9999.99 9.21 8.99 0.98 0.65 1.90
198.7826 95.00 89.17 83.10 9999.99 9.67 9.05 1.09 0.69 1.87
198.7938 94.90 88.67 82.68 9999.99 9.12 8.89 1.05 0.66 1.93
198.8354 95.00 88.39 83.79 9999.99 9.28 9.11 0.95 0.67 1.91
198.8458 95.10 89.41 84.25 9999.99 10.10 9.13 1.10 0.70 2.02
198.8569 95.20 88.99 82.84 9999.99 9.91 9.35 0.93 0.72 1.86
198.8688 95.00 88.41 81.81 9999.99 9.98 8.91 1.06 0.73 2.01
198.8799 95.00 88.49 82.08 9999.99 9.12 8.89 0.99 0.69 1.74
198.8910 95.00 87.64 82.83 9999.99 9.25 9.18 1.15 0.74 1.96
198.9028 95.10 88.63 83.02 9999.99 8.94 8.78 1.02 0.66 1.95
198.9139 95.10 88.33 81.30 9999.99 9.73 9.03 1.08 0.62 1.87
198.9458 95.20 89.05 81.40 9999.99 9.80 8.83 1.06 0.71 2.00
198.9576 95.20 88.42 82.00 9999.99 10.29 9.07 1.16 0.67 1.91
198.9688 95.00 88.49 81.96 9999.99 9.72 9.14 1.24 0.71 1.94
198.9792 95.00 88.45 82.68 9999.99 10.73 9.05 1.10 0.65 2.05
198.9917 95.00 88.82 82.07 9999.99 10.15 8.97 1.20 0.71 1.80
199.0028 95.10 88.88 81.90 9999.99 9.81 9.07 1.09 0.70 1.88
199.0139 95.00 88.43 82.66 9999.99 9.96 8.97 1.11 0.67 2.17
199.0250 95.00 88.62 81.62 9999.99 10.64 9.17 1.17 0.72 2.06
199.0569 95.00 89.53 82.01 9999.99 9.44 9.10 1.11 0.68 2.04
199.0674 94.90 88.29 80.22 9999.99 9.83 8.96 1.10 0.68 2.00
199.0792 95.00 88.59 81.70 9999.99 9.78 9.00 1.12 0.65 2.06
199.0903 94.90 88.31 81.80 9999.99 10.44 9.23 1.16 0.65 2.05
199.1021 94.90 88.76 81.51 9999.99 10.62 9.22 1.12 0.64 1.95
199.1132 94.90 88.97 81.02 9999.99 10.49 8.93 1.06 0.65 1.99
199.1250 95.00 88.39 81.84 9999.99 9.71 8.86 1.20 0.63 2.04
199.1354 9999.99 87.94 81.25 9999.99 10.74 9.01 1.09 0.65 1.88
199.1674 94.90 88.85 81.17 9999.99 8.50 8.93 1.20 0.67 2.11
199.1785 95.00 88.14 80.82 9999.99 9.26 9.24 1.15 0.68 2.00
199.1910 95.00 88.72 81.14 9999.99 8.50 9.16 1.11 0.63 2.05
199.2021 94.90 88.41 80.90 9999.99 8.30 9.08 1.04 0.65 2.02
199.2132 95.00 88.54 80.78 9999.99 8.01 8.96 1.08 0.63 1.92
199.2236 94.90 88.78 81.60 9999.99 8.27 9.17 1.01 0.67 1.77
199.2354 95.00 88.91 80.41 9999.99 7.95 9.10 1.06 0.66 2.12
199.2465 95.00 88.36 80.64 9999.99 9.12 9.02 1.08 0.63 1.83
199.2792 95.00 89.26 80.41 9999.99 8.78 9.08 1.14 0.65 2.03
199.2903 95.00 88.75 80.13 9999.99 8.60 8.83 1.16 0.62 1.86
199.3021 95.00 88.99 82.36 9999.99 8.43 9.07 1.05 0.64 1.97
199.3125 95.10 88.75 80.95 9999.99 9.21 8.91 1.05 0.61 1.94
199.3236 95.10 88.72 81.27 9999.99 9999.99 8.97 1.06 0.60 1.84
199.3354 95.10 87.55 79.70 9999.99 12.12 9.02 1.13 0.70 1.88
199.3472 95.10 87.09 80.09 9999.99 10.94 9.16 1.18 0.66 2.05
199.3583 95.10 88.25 80.95 9999.99 9.92 9.01 1.08 0.62 2.23
199.3903 95.00 87.76 81.82 9999.99 10.91 8.76 1.23 0.59 1.64
199.4021 95.10 87.63 81.64 9999.99 9.02 8.92 1.08 0.65 2.07
199.4125 95.10 88.59 80.81 9999.99 9.74 8.86 1.12 0.66 1.89
199.4243 95.10 88.30 81.61 9999.99 10.50 9.18 1.08 0.67 1.99
199.4354 95.10 88.51 82.13 9999.99 10.35 9.10 1.05 0.68 1.87
199.4472 95.30 88.35 81.02 9999.99 10.79 9.02 1.09 0.64 2.03
199.4583 95.20 88.38 82.21 9999.99 10.67 8.84 1.05 0.62 1.98
199.4688 9999.99 87.70 80.80 9999.99 11.23 8.79 1.00 0.67 1.89
199.5007 95.00 88.23 81.14 9999.99 9.14 8.86 1.00 0.64 2.02
199.5125 95.00 88.27 79.38 9999.99 9.22 8.95 1.03 0.66 2.16
199.5243 95.00 88.55 81.51 9999.99 9.45 8.91 1.19 0.66 1.98
199.5347 95.00 87.66 80.84 9999.99 10.05 8.75 0.99 0.65 1.87
199.5465 94.90 88.64 80.86 9999.99 9.46 9.15 1.03 0.65 1.94
199.5583 94.80 88.26 80.98 9999.99 9.86 8.94 0.99 0.67 1.91
199.5688 94.90 88.29 81.98 9999.99 9.88 8.97 0.98 0.61 1.87
199.5806 94.90 88.20 80.83 9999.99 10.14 8.81 1.03 0.65 1.91
199.6132 94.90 88.40 80.73 9999.99 9.31 8.73 1.09 0.65 2.06
199.6236 94.90 88.52 81.39 9999.99 10.51 8.81 1.05 0.61 2.05
199.6354 94.90 88.12 82.50 9999.99 9.99 8.87 0.98 0.62 1.90
199.6465 94.90 88.58 81.53 9999.99 10.68 8.83 1.01 0.62 1.85
199.6583 94.90 88.24 82.23 9999.99 8.93 8.88 0.88 0.63 1.54
199.6688 94.80 89.75 83.76 9999.99 9.49 8.99 0.99 0.70 1.79
199.6799 94.90 87.90 81.95 9999.99 9.62 8.68 0.99 0.64 1.64
199.6924 94.90 88.51 81.88 9999.99 9.61 8.90 0.95 0.69 1.72
199.7236 94.90 89.41 82.84 9999.99 8.85 8.91 1.06 0.65 1.93
199.7347 9999.99 89.15 83.87 9999.99 9.63 8.92 1.05 0.69 1.94
199.7465 95.00 88.72 82.02 9999.99 9.90 8.86 1.07 0.63 1.81
199.7576 94.90 89.13 82.86 9999.99 9.85 9.00 1.09 0.65 2.09
199.7688 9999.99 89.18 83.21 9999.99 9.94 8.88 1.01 0.61 1.81
199.7806 95.00 89.12 84.06 9999.99 9.91 9.16 1.01 0.62 1.93
199.8035 95.00 88.64 82.83 9999.99 10.62 9.09 1.03 0.65 1.72
199.8354 95.10 89.09 82.74 9999.99 9.63 9.02 1.19 0.65 1.91
199.8458 95.00 89.17 83.56 9999.99 9.78 9.00 1.06 0.67 1.95
199.8569 95.00 89.36 82.61 9999.99 10.44 9.06 1.13 0.68 1.88
199.8694 95.10 88.86 83.35 9999.99 10.74 9.06 1.03 0.62 1.89
199.8799 95.10 88.98 83.31 9999.99 9.63 8.90 1.10 0.61 1.87
199.8910 95.10 88.69 82.55 9999.99 10.73 8.76 1.08 0.65 1.84
199.9028 95.10 89.36 82.48 9999.99 10.00 9.03 1.19 0.63 1.93
199.9139 95.10 90.12 82.98 9999.99 9.72 8.95 1.14 0.61 1.77
199.9458 95.00 89.66 81.68 9999.99 8.79 9.00 1.19 0.67 2.07
199.9576 95.10 89.63 82.50 9999.99 9.28 9.10 1.17 0.63 1.94
199.9688 95.10 88.99 81.41 9999.99 9.65 9.03 1.09 0.65 2.07
199.9806 95.10 88.78 81.81 9999.99 10.84 9.12 1.14 0.66 1.95
199.9917 95.20 89.42 81.42 9999.99 10.27 9.19 1.10 0.67 1.92
200.0028 95.20 88.82 80.94 9999.99 11.29 9.20 1.19 0.63 1.96
200.0139 95.10 90.17 82.59 9999.99 11.28 9.25 1.21 0.65 1.93
200.0250 95.10 88.99 82.77 9999.99 10.03 8.87 1.11 0.62 1.74
200.0569 95.00 89.90 82.31 9999.99 9.95 8.88 1.21 0.74 1.99
200.0681 95.00 88.61 81.40 9999.99 11.05 9.16 1.19 0.67 1.83
200.0792 9999.99 89.14 81.29 9999.99 10.20 9.03 1.16 0.70 1.88
200.0903 95.00 89.33 81.33 9999.99 10.67 8.98 1.08 0.69 1.84
200.1028 95.00 88.68 80.99 9999.99 9.74 8.98 1.12 0.61 1.93
200.1139 95.00 89.49 80.58 9999.99 9.62 9.20 1.16 0.65 1.99
200.1250 95.00 89.38 81.70 9999.99 9.70 9.05 1.16 0.65 1.91
200.1354 94.90 88.63 80.38 9999.99 9.90 9.00 1.13 0.71 1.99
200.1667 95.00 89.53 81.53 9999.99 10.22 9.20 1.07 0.70 1.83
200.1778 95.00 89.66 80.89 9999.99 9.11 8.91 1.21 0.68 1.86
200.1903 95.00 88.90 78.97 9999.99 10.60 9.23 1.28 0.65 1.99
200.2014 95.00 89.41 80.53 9999.99 9.38 9.04 1.18 0.63 1.78
200.2125 95.00 89.47 80.06 9999.99 8.79 9.23 1.07 0.65 2.00
