cases/OP3/data/ceh-nox-gradient_bukit-atur_20080625.na
40 1001
Helfter, Carole
CEH Edinburgh, Bush Estate, Penicuik, Midlothian EH26 0QB, UK; email caro2@ceh.ac.uk
NO and NO2 concentrations at four different heights (30 m, 45 m, 60 m, 75 m) on Bukit Atur GAW tower
OP3
1 1
2008 06 25  2008 07 24
0.010417
time (days since 1900-01-01 00:00:00 UTC+ 8:00)
8
1.  1.  1.  1.  1.  1.  1.  1.
9999.  9999.  9999.  9999  9999.  9999.  9999.  9999.
NO_concentration_30m (ppb)
NO2_concentration_30m (ppb)
NO_concentration_45m (ppb)
NO2_concentration_45m (ppb)
NO_concentration_60m (ppb)
NO2_concentration_60m (ppb)
NO_concentration_75m (ppb)
NO2_concentration_75m (ppb)
13
Air was was sampled from 4 heights (30 m, 45 m, 60 m, 75 m) and analysed by a Thermo Environmental Instruments 42C NO - NO2 - NOx
trace level analyser (resolution limit 0.025 ppb for both NO & NO2) located in the GAW lab (at the foot of the tower).
NO is measured directly by the analyser whilst NO2 results from thermal conversion.
The 4 heights were sampled sequentially using a custom-built valve switching system.
After each switching event, data-logging was suspended for 1 min allowing for the analyser to be purged.
After purging, air was sampled for 3 minutes (except for height 1 - 30 m - for which sampling lasted 2 minutes).
The data recorded in this file represent gradient sampling cycles (1 full cycle per 15 minutes) of the variables measured.
Please email Carole Helfter (caro2@ceh.ac.uk) prior to use.
site_name: Bukit Atur
country: Malaysia
longitude: 117.8441694
latitude: 4.98035
height_above_sea_level: 440 m
5
 -------------------------------------------------------------------------------------------
This file uses the NASA Ames format developed in
S. E. Gaines and R. S. Hipskind, Format Specification for Data Exchange, Version 1.3, 1998.
 -------------------------------------------------------------------------------------------
t              NO_30m         NO2_30m        NO_45m         NO2_45m        NO_60m         NO2_60m        NO_75m            NO2_75m
[from data line 2648]
   39652.479167    0.035915244    0.068352236    0.200384756    0.177088008    0.009388821    0.222173374       0.059429472    0.189482317
   39652.489583   -0.015222154    0.079173374    0.093827846    0.119577846    0.075933537     0.25225061       0.139588008    0.189244512
   39652.500000    0.034287195    0.341701829    0.080220122    0.288390854    0.084648984    0.141803455       0.045923374    0.166980285
   39652.510417    0.163459959    0.067618496    0.108480285     0.18251687    0.061547358    0.157941667       0.036785163    0.197632724
   39652.520833     0.19229126    0.008646951    0.037112398    0.207270935    0.100903049   -0.007268902       0.050187602    0.269872561
   39652.531250   -0.029915244    0.346317683    0.140354268    0.235067683    0.139957927    0.031622561        0.08707378    0.131047358
   39652.541667    0.040043293    0.154370528    0.157380691    0.080335976    0.091142886    0.078949797       0.064506707    0.299108333
   39652.552083    0.149457927    0.024675407    0.010929472    0.231083943    0.049342073    0.213071748       0.099579878    0.150622561
   39652.562500    0.113006707    0.371112398    0.011850203     0.18381565    0.187153049    0.234230285       0.248636789    0.011986382
   39652.572917    0.007624593    0.211909146    0.015106301     0.21828313    0.097392886    0.206911179       0.174331911    0.094646951
   39652.583333    0.177169309    0.011764837    0.191864431    0.086539228    0.053923374    0.170183537       0.000466057     0.21326687
   39652.593750    0.119451829    0.039305488    0.039309553    0.189175407    0.030667276    0.296842073      -0.067006707    0.276205894
   39652.604167    0.102335976    0.212238415    0.081063618    0.241888821    0.040892886     0.23431565       0.099701829    0.245002642
   39652.614583    0.063256707    0.338421341    0.080297358    0.182295325    0.085927439    0.276153049      -0.013340041    0.124709959
   39652.625000    0.170106301    0.183067683     0.21475874    0.079961992    0.052388821    0.172571748       0.033342073     0.33472622
   39652.635417   -0.121653049     0.30372622   -0.126852236    0.228817683    0.152411179    0.243590041       0.168144919    0.011626626
   39652.645833   -0.198673374    0.384620528    0.147585976    0.134268902    0.148287195    0.216010772      -0.045762805    0.413398984
   39652.656250    0.119268902     0.25422622    0.147079878    0.178665244    0.239901016    0.113506707      -0.029394919    0.222346138
   39652.666667    0.120148984    0.187148984    0.126929472    0.231797358    0.016844106     0.16174248       0.220850203    0.150579878
   39652.677083    0.062169309    0.325693699    0.090366463    0.123106301     0.08675061    0.184014837       0.315514837    0.034931504
   39652.687500    0.045346138    0.132411179    0.072069715    0.189514837    0.095197764    0.136809553        0.03400061    0.211244512
   39652.697917    0.174604268     0.06373435    0.071870528    0.214622561    0.174917276    0.091155081        0.15703313    0.215978252
   39652.708333    0.281632724    0.150228252    0.110207927    0.141842073    0.010577846    0.185978252       0.153711992    0.225370528
   39652.718750    0.054122561    0.240112398    0.126228252    0.109146951    0.106510772    0.250181504       0.076279065    0.263911179
   39652.729167   -0.055567683    0.151567683     0.03449248    0.223368496    0.299346138     0.11099248        0.12799248    0.223608333
   39652.739583    0.079236382    0.235772967    0.024921341    0.083216057   -0.039880691    0.342947764       0.033862398    0.267659146
   39652.750000    0.215882724    -0.06725061   -1.48374E-05    0.024622561    0.025838008     0.14000061       0.008622561    0.216417276
   39652.760417    0.104201829    0.010813618   -0.053138821     0.13547622    0.137230285     0.17532378       0.070480285    0.301545325
   39652.770833    0.002071748    0.212606301    -0.02499248    0.452809553    0.045785163    0.267270935      -0.002338008    0.460464024
   39652.781250    0.050707927    0.350346138    0.078047358    0.555665244    0.128488415     0.47599248       -0.04724248    0.491811585
   39652.791667    0.038772967    0.303882724    0.109464024    0.391112398    0.058610366    0.393858333      -0.049187602    0.520630691
   39652.802083    0.131445732    0.196102236    0.204272967    0.233211992     0.10382378    0.312911179       0.119772967    0.309606301
   39652.812500   -0.146045325    0.400067683    0.083415244    0.423425407    0.058220122     0.58328313       0.062854268    0.423425407
   39652.822917    0.141398984    0.472012805    0.038083943    0.540173374    0.012183537     0.66553313       0.006829878    0.606403049
   39652.833333    0.083358333    0.940718089    0.050110366    0.837236382   -0.055961992    0.893439634       0.140486382    0.815529065
   39652.843750    0.127063618    0.864472154    0.096795325    1.009801423    0.062342073    0.906762805       0.087177439    0.923268902
   39652.854167   -0.022730285     1.08728313    0.149342073    1.025289228    0.138195732    0.862246545      -0.024911179    0.862151016
   39652.864583    0.145195732    0.810047358   -0.057201829    0.810610366    0.120088008    0.700031098       0.000319715    0.998012805
   39652.875000   -0.104848171    0.695108333   -0.034801423    0.772098171    0.002844106    0.907161179        0.02473435    0.969563618
   39652.885417    0.003380691    0.633313618   -0.005896951    0.634892886     0.03225061    0.711112398       0.111498577    0.723090041
   39652.895833    0.201106301    0.511362398    0.100878659    0.742199797    0.140327846    0.664994512        0.10756565    0.748272967
   39652.906250    0.096063618    0.682317683   -0.035772967    0.670128659    0.041896951    0.757352236       0.124752642    0.599705894
   39652.916667   -0.099925407    0.560311585    0.048854268    0.697069715    0.117043293       0.618525      -0.045051423    0.761728252
   39652.927083    0.054151016    0.674559553    0.021620528    0.648236382     0.05504126    0.651636789       0.146268902    0.610014837
   39652.937500   -0.013457927    0.755488415    0.084088008     0.64898435    0.089868496    0.586884756      -0.101862398    0.739260772
   39652.947917   -0.011860366    0.857961992    0.124567683    0.483401016    0.086777033    0.506216057       0.073927439    0.546427439
   39652.958333    0.087496545     0.56353313    0.067004675    0.510020935    0.055246545    0.440884756       0.035844106    0.520563618
   39652.968750    0.077392886    0.354335976     0.08007378    0.473006707    0.101854268    0.310014837       0.034514837    0.494232317
   39652.979167    0.230478252    0.473090041    0.082793293     0.45972622   -0.019827846    0.553277033       0.103396951    0.302319715
   39652.989583    0.229722154    0.345575813    0.130683537    0.494401016    0.121905081    0.435699797      -0.038651016    0.590240447
   39653.000000    0.014018902    0.610996545       0.109775    0.429872561    0.078425407    0.546590041       0.105547358    0.399671341
   39653.010417    0.109254675    0.498185569   -0.023067683    0.470514837    0.014431504    0.511606301       0.081665244    0.522667276
   39653.020833    0.016657114    0.608583943    0.031488415    0.329953862   -0.005144919    0.486088008       0.036502642     0.47376687
   39653.031250    0.069685569    0.465970122    0.130618496    0.331531098    -0.01706565    0.487067683      -0.120415244    0.546205894
   39653.041667    0.139175407     0.47105752    0.054098171    0.435403049    0.121045325    0.334545325       0.169193699    0.345858333
   39653.052083    0.078085976    0.412398984    0.143403049    0.421203862    0.010835976    0.406535163       0.137620528    0.419624593
   39653.062500   -0.123348171    0.354268902    0.025203862    0.450630691    0.130138821    0.393358333       0.066161179    0.480661179
   39653.072917    0.061380691    0.385264837    0.089732317    0.423069715    0.098714024    0.448120528       0.101262805     0.45423435
   39653.083333   -0.003624593     0.41529126   -0.021277033    0.515325813     0.01032378     0.41680752       0.146943699    0.340279065
   39653.093750    0.003338008    0.477311585    0.054919309     0.29932378    0.142957927    0.469628659       0.146768902    0.463945732
   39653.104167    0.197354268    0.389303455    0.117092073    0.449842073    0.052079878     0.45099248       0.114502642    0.422130691
   39653.114583    0.060970122    0.385411179     0.08253313    0.508388821    0.112844106    0.390949797       0.072583943     0.48381565
   39653.125000     0.17948435     0.25457378   -0.042687602    0.551144919    0.041860366       0.582525       0.088297358    0.598947764
   39653.135417    0.044624593    0.213297358    0.021592073    0.286988415    0.101053455    0.284610366      -0.004468089     0.36679939
   39653.145833    0.195740447    0.226012805    0.011890854    0.311244512    0.066986382    0.264478252       0.152116463    0.274695732
   39653.156250    0.228622561    0.146602236    0.207504675    0.153228252    -0.02048435    0.278411179       0.162067683    0.223695732
   39653.166667   -0.053896951     0.06757378    0.015923374    0.158718089    0.067701829    0.255990447       0.147037195    0.080096138
   39653.177083     0.02298435    0.087669309    0.161490447    0.172669309   -0.074636789     0.13255752       0.088415244    0.292392886
   39653.187500   -0.026474187    0.219772967    0.043352236    0.170896951    0.109683537     0.11328313       0.062193699    0.150748577
   39653.197917    0.076691667    0.156679472   -0.060260772    0.266398984    0.053754675    0.201108333       0.116027033     0.12756565
   39653.208333    0.016724187    0.269092073    0.092681504     0.18900061    0.152671341    0.090903049       0.059608333    0.243901016
   39653.218750    0.100061585    0.173539228    0.071606301     0.07678313    0.128370528    0.160937602       0.037441667    0.111638821
   39653.229167    0.033819715    0.143929472    0.170039228    0.149167276     0.03672622    0.109913211       0.091685569    0.034945732
   39653.239583    0.087683537    0.128642886    0.026939634    0.019844106    0.200311585    0.062165244       0.120894919    0.113224187
   39653.250000    0.146236382    0.213642886     0.02050061    0.112925407   -0.009606301    0.221325813       0.190459959     0.08079126
   39653.260417    0.133655081    0.074848171    0.060931504    0.178279065    0.173169309    0.072551423      -0.017777033    0.202817683
   39653.270833     0.11451687    0.045061585   -0.054921341    0.162037195     0.04678313    0.041126626       0.051333943     0.23801687
   39653.281250    0.018722154     0.18850061    0.170055488    0.027264837     0.02953313    0.106417276       0.170012805   -0.005624593
   39653.291667    0.099738415     0.00851687    0.081590041    0.087386789    0.087571748    0.113913211       0.105468089     0.00980752
   39653.302083   -0.102842073    0.285602236    0.264199797     0.10175874    0.130852236    0.146254675       0.022236382    0.109394919
   39653.312500    0.060246545    0.062945732    0.299911179   -0.022905081     0.04673435    0.222295325       0.154888821    0.044338008
   39653.322917    0.068846138    0.092868496    0.069183537    0.129663211    0.092964024    0.030994512       0.129913211    0.119996545
   39653.333333    0.212943699    0.095437602    0.099165244    0.102716057    0.084118496    0.044407114       0.064651016    0.049683537
   39653.343750    0.012039228    0.096813618    0.067770935    0.083592073    0.147598171   -0.026608333       0.116254675    0.046608333
   39653.354167   -0.005295325    0.030563618    0.066384756    0.150998577     0.07054126    0.166429472      -0.003886789    0.175622561
   39653.364583    0.288685569    0.090585976    0.156770935    0.135535163     0.09755752    0.081522967       0.084567683    0.055856301
   39653.375000    0.061555488    0.247151016     0.03607378    0.079848171    0.097114431    0.058968089       0.021779065    0.193134756
   39653.385417     0.14482378   -0.025602236    0.140281098    0.104730285    0.038372561    0.197163211       0.091840041    0.187305488
   39653.395833    0.080157114    0.123124593    0.137961992    0.083770935    0.186083943    0.052146951      -0.103813618    0.295047358
   39653.406250    0.086768902    0.027898984    0.120108333    0.299108333    0.045090041    0.175405081       0.090325813    0.172303455
   39653.416667    0.003094106    0.133207927    0.009616463    0.262907114   -0.037990447    0.182817683       0.085529065    0.069980285
   39653.427083    0.039012805    0.209872561           9999     0.16197622    0.095055488    0.096638821      -0.035205894    0.125390854
   39653.437500    0.173583943    0.272277033    0.054071748    0.251762805    0.095939634    0.019864431       0.119835976    0.095354268
   39653.447917     0.03425061    0.239293293    0.176941667    0.235256707    0.105821748    0.122687602       0.101165244    0.173317683
   39653.458333    0.148644919    0.034220122    0.020110366    0.115321748    0.031959959    0.224642886       0.190071748    0.123602236
   39653.468750    0.042144919    0.188968089    0.073844106    0.229630691   -0.002850203    0.188010772       0.044081911    0.165313618
   39653.479167     0.20430752    0.006270935    0.021232317    0.205214024    0.115996545    0.062848171       0.116571748    0.178386789
   39653.489583    0.050098171    0.278866463    0.105321748     0.16180752     0.04499248    0.128890854       0.201738415    0.145671341
   39653.500000     0.16281565    0.129699797    0.088598171     0.19600874    0.083770935    0.125289228       0.097468089    0.058606301
   39653.510417    0.044878659    -0.10804126   -0.033474187   -0.129136789    0.031616463   -0.240728252       0.037372561    0.217675407
   39653.520833   -0.137305488   -0.174228252    -0.03056565   -0.152490447   -0.052606301    -0.13650874      -0.011031098   -0.181419309
   39653.531250    0.004718089   -0.077970122   -0.038059553   -0.109293293   -0.015653049   -0.164053455      -0.063325813    -0.10304126
   39653.541667    0.079173374   -0.086961992   -0.084153049   -0.110486382   -0.082061585   -0.152801423       0.026529065   -0.219831911
   39653.552083    0.022437602    -0.12230752   -0.046045325   -0.154608333    0.044880691   -0.138335976       0.028777033   -0.085002642
   39653.562500    0.020201829      -0.090025     0.09907378   -0.138051423   -0.035772967   -0.094254675      -0.025793293   -0.140020935
   39653.572917   -0.093055488   -0.148864431   -0.125616463   -0.075905081   -0.112980285   -0.110793293      -0.010555488   -0.176831911
   39653.583333   -0.048457927   -0.101978252   -0.103183537   -0.057618496   -0.132701829   -0.080915244       -0.06850874   -0.071646951
   39653.593750   -0.120628659    -0.05174248    0.072878659   -0.231433537   -0.047100203   -0.101953862      -0.036933537   -0.132488415
