cases/OP3/data/ceh-o3-gradient_bukit-atur_20080625.na
34 1001
Helfter, Carole
CEH Edinburgh, Bush Estate, Penicuik, Midlothian EH26 0QB, UK; email caro2@ceh.ac.uk
O3 concentrations gradient (30 m, 45 m, 60 m, 75 m) on Bukit Atur GAW tower
OP3
1 1
2008 06 25  2008 07 24
0.010417
time (days since 1900-01-01 00:00:00 UTC+ 8:00)
4
1.  1.  1.  1.
9999.  9999.  9999.  9999
O3_concentration_30m (ppb)
O3_concentration_45m (ppb)
O3_concentration_60m (ppb)
O3_concentration_75m (ppb)
11
Air was was sampled from 4 heights (30 m, 45 m, 60 m, 75 m) and analysed by a Thermo Environmental Instruments O3 analyser (
located in the GAW lab (at the foot of the tower). The 4 heights were sampled sequentially using a custom-built valve switch
After each switching event, data-logging was suspended for 1 min allowing for the analyser to be purged.
After purging, air was sampled for 3 minutes (except for height 1 - 30 m - for which sampling lasted 2 minutes).
The data recorded in this file represent gradient sampling cycles (1 full cycle per 15 minutes) of the variables measured.
Please email Carole Helfter (caro2@ceh.ac.uk) prior to use.
site_name: Bukit Atur
country: Malaysia
longitude: 117.8441694
latitude: 4.98035
height_above_sea_level: 440 m
5
 -------------------------------------------------------------------------------------------
This file uses the NASA Ames format developed in
S. E. Gaines and R. S. Hipskind, Format Specification for Data Exchange, Version 1.3, 1998.
 -------------------------------------------------------------------------------------------
t              O3_30m         O3_45m         O3_60m         O3_75m
[from data line 2527]
   39651.218750      6.8761793      9.8089503      9.8978503      9.7180673
   39651.229167      6.6603003      9.0565673      9.4473333      9.1612173
   39651.239583      7.0192673      8.5197003      9.6375833      9.7744333
   39651.250000      7.3327003      9.3274003      9.9870173      9.1554003
   39651.260417      6.4636433      7.9635003      9.1230173      8.8116833
   39651.270833      8.7152673     10.0907503     10.6050003      9.2372833
   39651.281250      8.7145003      9.8635833     11.4808333     11.6783333
   39651.291667      8.7185003     11.1741673     12.2783333     11.7625003
   39651.302083      6.4891673      9.3138003     10.5033333     10.0481673
   39651.312500      8.6790373     10.4935333     11.4086673     10.7022503
   39651.322917      3.4106333      8.5507173     10.8726673     11.2951673
   39651.333333      4.5600003      5.6338173      8.3298503     10.0252673
   39651.343750      5.0539673      5.4985333      5.2273003      5.4392003
   39651.354167      5.8697333      8.3606213      8.9980003      7.7571173
   39651.364583      7.6943673      8.1577503      7.1425503      9.0591833
   39651.375000      6.9212673      9.0924913      9.9363333      8.4821503
   39651.385417      6.6158973      8.4179673     10.2556673      9.1562543
   39651.395833      4.9200003      9.0438333      8.2318793      8.2424833
   39651.406250      7.2191333      7.7076103      8.6789333      8.5901673
   39651.416667      8.4081673      9.5932673     10.0047383      9.1579503
   39651.427083      7.9694673      9.2067503     10.2884753      9.3296673
   39651.437500      9.7193333     11.5160343     11.6894833     10.0089173
   39651.447917      9.6691673     11.9516673     13.6075003     11.7729513
   39651.458333      9.1168333     11.4212073     12.8558333     11.8150003
   39651.468750     11.2957143     10.9705173     13.0761673     12.0041673
   39651.479167      9.8365003     11.1455003     13.1568333     12.6522413
   39651.489583      9.2609003     12.2116673     12.5766673     12.3468333
   39651.500000      9.6757003     12.6343333     13.7085003     12.1216673
   39651.510417      8.2690003     12.0966673     12.3415003     11.4377503
   39651.520833     11.1768673     12.1993333     13.9078333     13.3343333
   39651.531250      9.3170003     13.2220003     14.2408333     13.5395003
   39651.541667     10.0176673     13.0001693     14.5873333     13.8885003
   39651.552083      9.9747933     14.7086673     15.3310173     14.5320003
   39651.562500           9999           9999           9999           9999
   39651.572917           9999           9999           9999           9999
   39651.583333     13.0533333     13.3191673     14.3233333     14.3683333
   39651.593750      9.2942673     11.7388333     14.3840003     14.3641673
   39651.604167     11.5070003     11.9918333     15.8013793     14.4618333
   39651.614583     11.0026673     10.5335003     15.0643333     14.5783333
   39651.625000     11.1063333     13.4453333     14.3498333     14.4241673
   39651.635417      9.7757003     12.7758333     13.9268333     13.5948333
   39651.645833     10.2250003     13.3551673     14.8271673     12.7745003
   39651.656250     10.6592673     13.0265003     14.9845003     14.0633333
   39651.666667     10.2112003     13.2810003     14.4364293     13.7655003
   39651.677083     11.7814293     13.3143333     14.8606673     13.5538333
   39651.687500     11.5280003     13.6520693     14.0218333     13.8388333
   39651.697917     11.7516673     13.8111673     14.2991673     13.8523333
   39651.708333     11.5033333     13.2783333     14.2356903     13.6708333
   39651.718750     11.6183333     13.7291673     15.1833333     14.1972883
   39651.729167     11.7145163     13.8074583     13.9103333     14.1008333
   39651.739583     12.3983333     14.5833333     15.4177973     14.4721673
   39651.750000     12.3050003     14.8291673     15.2093223     14.3875003
   39651.760417     12.4010003     14.6111673     15.3813333     14.6215003
   39651.770833     12.7636673     14.4065003     15.1065003     14.6358333
   39651.781250     12.2039293     14.9618333     15.5218333     14.1796673
   39651.791667     10.5760003     13.1046673     14.2050003     14.4900003
   39651.802083     11.1183333     13.1660003     13.8362073     13.0001673
   39651.812500     10.9583333     13.1613333     13.6608333     13.0866673
   39651.822917     10.9321003     11.5632763     12.9133333     12.7483333
   39651.833333     12.1680003     13.3618333     13.6825003     12.4741673
   39651.843750     11.7890003     14.5773333     15.0543333     14.2838333
   39651.854167     13.0216673     15.1075863     15.7636673     14.4313333
   39651.864583     12.9833333     14.9860003     15.7908333     15.3095003
   39651.875000     12.8366673     15.0716673     15.7425003     15.3908333
   39651.885417     13.1000003     15.1783333     15.6091673     14.9166673
   39651.895833     12.2983333     14.6620003     15.1796673     14.5575003
   39651.906250     12.6653333     14.3782763     15.0066673     14.5346673
   39651.916667     11.9740003     13.7508333     14.4105003     13.9206673
   39651.927083     11.4353333     12.0003333     12.9315003     13.4665003
   39651.937500     10.7616673     13.3178333     13.6485003     13.0563333
   39651.947917     11.2890003     13.3218333     13.1090003     12.8635003
   39651.958333      9.7205003     12.7726673     14.0565003     13.2268333
   39651.968750     10.5494003     12.3993333     13.3228333     12.5036673
   39651.979167     11.2476673     12.9188333     13.8850003     12.8293333
   39651.989583     11.2510003     12.9193103     13.6023333     13.1348333
   39652.000000     11.1046433     13.0098333     13.8055003     13.2893333
   39652.010417      9.8763333     11.8800003     12.8983333     12.0264293
   39652.020833      8.3433333     10.1456673     11.0293103     11.7275003
   39652.031250      6.9129673      8.1298173      9.0495503      9.2131673
   39652.041667      5.6091003      7.0893173      8.0511173      7.7470173
   39652.052083      6.6168673      7.8872003      8.4683173      7.9528333
   39652.062500      6.8590003      7.9762673      7.9486003      8.5987173
   39652.072917      6.7019003      8.6293673      9.1496333      7.9634143
   39652.083333      6.3693673      8.4443283      9.0545173      8.6920333
   39652.093750      6.7816333      8.7165673      9.0978333      8.5084333
   39652.104167      7.7310003      9.1825673     10.7051673      8.9760543
   39652.114583      8.4820003     10.0251673     11.4066673     10.9811673
   39652.125000      5.5438003      9.1489503     11.3158333     11.2739663
   39652.135417      5.7738333      9.4282003     10.0307933     10.8270003
   39652.145833      4.9705003      7.3689173     10.9841673     11.1041673
   39652.156250      8.1670003     10.1353333     10.9575003     10.0824173
   39652.166667      8.4647673     10.1410833     11.2841673     10.7191673
   39652.177083      7.6591673     10.0345503     10.6440003     10.7611673
   39652.187500      6.6497333      9.2107503     10.6788333     11.1563333
   39652.197917      6.2647143      8.3274333     10.1235833     10.4752003
   39652.208333      5.8796673      9.3235333      9.7377503      9.8491553
   39652.218750      6.8892073      9.0198143      9.7450493      8.9984333
   39652.229167      6.7224333      9.8135253     11.0274583     10.9836073
   39652.239583      9.7977003     12.0285003     12.4733333     11.8116673
   39652.250000     10.6306673     12.5658333     12.7908333     11.9491673
   39652.260417     10.6023333     12.4601673     12.7095003     12.1923333
   39652.270833      9.9991673     12.1203333     12.6411673     12.3486673
   39652.281250      9.6306003     11.9636673     12.4891383     12.0770003
   39652.291667      7.7224673     10.9441673     13.1266673     12.3235003
   39652.302083      9.5800003      9.6878503      4.2512503     12.0003333
   39652.312500      8.8656673      9.1844173      9.2208333      9.5416673
   39652.322917      8.9075003      8.6995003      8.6788333      8.4941673
   39652.333333      8.4705003      8.7759173      8.8637763      8.8089173
   39652.343750      8.5035363      8.5385833      8.7664833      8.6467173
   39652.354167      7.7775003      8.2200003      8.0471673      8.3184173
   39652.364583      5.5141003      8.2215003      7.0876833      6.9234673
   39652.375000      7.7459333     10.2335003     11.1278833     11.3291673
   39652.385417      8.4757003      8.9754333     11.1828333     10.8608333
   39652.395833      7.2890003      9.5917503      9.8439833      9.1629673
   39652.406250      7.5382673      8.1567003      9.2035673      8.7238333
   39652.416667      7.3521673      8.3228333      9.6805333      9.0675333
   39652.427083      6.0510333      7.9373173      9.3437833      9.1062003
   39652.437500      7.6011673      8.6748623      8.0364673      6.7618003
   39652.447917      6.9363333      7.9662503      9.5117503      8.6603333
   39652.458333      5.1951673      7.6807503      7.5241673      8.7540833
   39652.468750      5.9448003      6.9892503      7.5971333      7.4400673
   39652.479167      5.3524673      8.0146673      9.7806003      9.6846673
   39652.489583      7.7039673      9.1443863      8.6039503      8.7249833
   39652.500000      6.4762673      9.0262333     10.0252503      9.1392833
   39652.510417      8.1108003      9.2015503     10.1930003      9.3668333
   39652.520833      7.8384003      8.8173103      9.3026213      8.8838333
   39652.531250      7.3906433      8.9996383      9.7391503      9.3144003
   39652.541667      7.7547503      9.3543333      9.4186333      9.2315673
   39652.552083      4.5308673      6.9364333      7.9888833      8.9913333
   39652.562500      5.7681003      7.3442503      8.6515343      7.9119333
   39652.572917      7.4961673      7.7661673      7.8993503      8.0260333
   39652.583333      4.8850003      6.5167503      7.7377503      8.1474173
   39652.593750      6.4686673      7.2694173      7.5620003      5.7787503
   39652.604167      6.8185673      7.8469143      8.2998793      8.1457833
   39652.614583      7.5753673      8.1983333      8.9621003      8.3127073
   39652.625000      7.3268003      9.3840833      9.7493223      8.8723173
   39652.635417      6.6141673      8.1355173      8.4700173      8.2660503
   39652.645833      7.1603673      8.4566503      7.8382333      7.8105083
   39652.656250      7.3320003      9.5752813      9.9284833      9.0225083
   39652.666667      3.8334673      4.9552503      6.8939323      8.5981333
   39652.677083      2.9745673      4.8635673      4.7926673      4.5035833
   39652.687500      2.7774003      3.8008033      5.4080533      4.5086673
   39652.697917      3.4479673      4.6643003      4.9035833      4.8215573
   39652.708333      3.0737003      6.4810523      9.4141383      9.0122133
   39652.718750      2.7111333      4.3654503      5.7575173      6.8612763
   39652.729167      3.7839333      5.6959003      5.9403453      5.8592503
   39652.739583      5.5766673      8.9460003      9.0267333      7.6388333
   39652.750000      4.4626673      7.3700833      8.7930353      9.3258333
   39652.760417      5.9546673      7.7605003      9.3185833      9.5497503
   39652.770833      8.0554673     11.3963333     12.7288333     12.6711673
   39652.781250     10.8933333     14.5810003     14.7010003     13.3125003
   39652.791667      9.8092333     12.5146673     13.5190003     13.0841673
   39652.802083      8.9482333     12.3816673     13.1648283     12.2648283
   39652.812500      7.3952333     11.1355003     14.0573333     13.3961023
   39652.822917     10.1147003     12.7380003     14.8560003     14.9576673
   39652.833333     12.6503333     16.5340003     19.0276673     18.3613333
   39652.843750     14.8190003     17.6426673     19.0828333     18.1608333
   39652.854167     14.5800003     17.9476673     21.0996673     20.8951673
   39652.864583     10.5593333     13.2588333     16.4941673     17.3566673
   39652.875000      8.8208333     11.5860003     13.1183333     13.3113333
   39652.885417      8.5635003     10.6522503     11.7141673     11.3825003
   39652.895833      8.2116673     11.0266673     12.6333333     12.3991673
   39652.906250      7.2546003     10.0986673     12.0243333     12.3866673
   39652.916667      7.9257333     10.1891673     11.4957633     10.4373333
   39652.927083      7.6560673     10.1995833     11.8231673     11.0361673
   39652.937500      8.0982003     10.5948333     15.5513793     14.1544833
   39652.947917      8.1577673     13.5148333     13.5320003     14.7786673
   39652.958333      8.2250653     10.8445003     11.2958333     11.0961673
   39652.968750      9.1655333     11.5966673     12.1595003     11.5300003
   39652.979167      8.9089333     10.5418333     11.1553333     11.2565003
   39652.989583      8.9841673     11.7661673     12.1348283     11.1125003
   39653.000000      7.4707333     10.9266673     12.4781673     12.4453333
   39653.010417      5.4253333      7.0637673      8.9114173     11.5905003
   39653.020833      5.0716673      9.5470003     11.9150003     11.6858333
   39653.031250      8.0711673     11.0858333     12.4983333     11.6925003
   39653.041667      8.6057003     11.1691673     11.7911673     11.7353333
   39653.052083      9.9010673     12.2706673     12.5495003     12.2275003
   39653.062500      8.8650333     12.3986673     12.8745003     12.1160003
   39653.072917      9.1261333     11.6120003     12.3078333     12.1248333
   39653.083333      9.1255673     11.2898333     12.5455173     11.7163333
   39653.093750      9.4262673     11.4635003     11.6230003     11.2668853
   39653.104167      9.2839673     11.7680003     12.0278333     11.3950003
   39653.114583      6.3832763     11.1242373     11.1681363     11.0390003
   39653.125000     10.5834483     11.5216673     11.3945333     10.0192333
   39653.135417     10.0562333     11.6172883     13.1375003     11.6995003
   39653.145833     10.1404003     11.9436673     13.2880333     12.2166103
   39653.156250     10.3416673     13.1116673     13.5533333     13.5825003
   39653.166667     12.3044833     13.7230003     13.7685003     13.5525423
   39653.177083     12.0400003     13.6105083     14.8130003     13.7406673
   39653.187500     12.4183333     14.3175003     14.9500003     14.5833333
   39653.197917     10.9583333     13.4358333     14.1750003     14.2708333
   39653.208333     12.2953333     14.5536673     15.0723333     14.8013333
   39653.218750     11.9013333     14.2386673     15.2100003     14.5068333
   39653.229167     12.6966673     14.1935003     14.6066673     14.0200003
   39653.239583     12.8313333     15.2436673     16.0305003     15.7296673
   39653.250000     13.3570003     15.2511673     15.8100003     14.9551673
   39653.260417     12.9716673     14.9076673     15.3745003     15.2091673
   39653.270833     12.7966673     13.9330003     16.0455003     15.0623333
   39653.281250     13.1753333     14.5081673     15.5613333     15.0343863
   39653.291667     12.5960003     13.2056673     15.5340003     15.0291383
   39653.302083     12.2883333     14.5503333     15.2711673     14.5051673
   39653.312500     11.9633333     14.0453333     14.6111673     13.9880003
   39653.322917     11.1016673     14.6158333     16.5708333     15.0700003
   39653.333333     11.7816673     14.4301673     16.6741673     15.7316673
   39653.343750     13.4696673     15.4758333     16.4298283     15.2366673
   39653.354167     13.5316673     15.1008333     15.3598333     15.3146673
   39653.364583     11.1466673     14.7023333     16.2586673     15.4076673
   39653.375000     10.3348003     12.0385713     13.7687503     14.0836213
   39653.385417     11.8860003     12.5836673     14.3441673     14.1711673
