cases/OP3/data/ceh-nox-gradient_bukit-atur_20080625.na
40 1001
Helfter, Carole
CEH Edinburgh, Bush Estate, Penicuik, Midlothian EH26 0QB, UK; email caro2@ceh.ac.uk
NO and NO2 concentrations at four different heights (30 m, 45 m, 60 m, 75 m) on Bukit Atur GAW tower
OP3
1 1
2008 06 25  2008 07 24
0.010417
time (days since 1900-01-01 00:00:00 UTC+ 8:00)
8
1.  1.  1.  1.  1.  1.  1.  1.
9999.  9999.  9999.  9999  9999.  9999.  9999.  9999.
NO_concentration_30m (ppb)
NO2_concentration_30m (ppb)
NO_concentration_45m (ppb)
NO2_concentration_45m (ppb)
NO_concentration_60m (ppb)
NO2_concentration_60m (ppb)
NO_concentration_75m (ppb)
NO2_concentration_75m (ppb)
13
Air was was sampled from 4 heights (30 m, 45 m, 60 m, 75 m) and analysed by a Thermo Environmental Instruments 42C NO - NO2 - NOx
trace level analyser (resolution limit 0.025 ppb for both NO & NO2) located in the GAW lab (at the foot of the tower).
NO is measured directly by the analyser whilst NO2 results from thermal conversion.
The 4 heights were sampled sequentially using a custom-built valve switching system.
After each switching event, data-logging was suspended for 1 min allowing for the analyser to be purged.
After purging, air was sampled for 3 minutes (except for height 1 - 30 m - for which sampling lasted 2 minutes).
The data recorded in this file represent gradient sampling cycles (1 full cycle per 15 minutes) of the variables measured.
Please email Carole Helfter (caro2@ceh.ac.uk) prior to use.
site_name: Bukit Atur
country: Malaysia
longitude: 117.8441694
latitude: 4.98035
height_above_sea_level: 440 m
5
 -------------------------------------------------------------------------------------------
This file uses the NASA Ames format developed in
S. E. Gaines and R. S. Hipskind, Format Specification for Data Exchange, Version 1.3, 1998.
 -------------------------------------------------------------------------------------------
t              NO_30m         NO2_30m        NO_45m         NO2_45m        NO_60m         NO2_60m        NO_75m            NO2_75m
[from data line 2533]
   39651.281250   -0.003722154    0.233287195     0.05004939    0.177110366     0.13154126    0.154035163       0.125407114    0.168203862
   39651.291667    0.143309553    0.305563618    0.191608333    0.188388821    0.074085976     0.28573435       0.184730285     0.19405752
   39651.302083    0.182901016    0.221675407    0.155289228    0.177083943    0.078177439    0.188098171       0.017181504    0.405970122
   39651.312500    0.306687602    0.214114431    0.049929472    0.290256707    0.176344106    0.297990447       0.071309553    0.317018902
   39651.322917    0.201338008    0.100437602    0.151512805    0.120173374    0.161888821    0.161567683       0.162571748    0.128153049
   39651.333333    0.216327846    0.175689634    0.112553455    0.282600203     0.18300874    0.133014837       0.068238415    0.209358333
   39651.343750    0.140171341    0.266711992    0.128348171    0.222018902    0.206382724    0.121407114       0.235187602     0.18279939
   39651.354167    0.155923374    0.239047358    0.204581911    0.290155081    0.162134756    0.176214024       0.139754675    0.208655081
   39651.364583    0.091295325    0.304437602    0.097335976    0.343669309    0.230077846    0.156447764       0.164088008     0.27725874
   39651.375000    0.202575813    0.325711992     0.04105752    0.365120528    0.105746545    0.234392886       0.189051423    0.222043293
   39651.385417    0.152153049    0.210626626    0.209772967    0.336262805     0.09349248    0.304138821       0.109598171    0.409029065
   39651.395833    0.024622561    0.283254675    0.218913211    0.160195732    0.040848171    0.275852236       0.096602236    0.309027033
   39651.406250    0.057090041     0.23555752     0.03450874    0.255409146    0.190441667    0.111193699       0.181903049    0.234433537
   39651.416667     0.14855752    0.192547358   -0.000348171    0.277547358   -0.033990447     0.28629126        0.18929126    0.268043293
   39651.427083    0.023677439    0.091214024    0.132209959    0.222480285    0.156594106    0.092392886       0.083287195    0.406407114
   39651.437500    -0.09006565    0.433055488    0.116488415    0.381130691    0.043864431    0.245331911      -0.026653049    0.382923374
   39651.447917    0.161417276    0.176531098    0.036132724    0.298689634    0.083600203    0.256151016       0.165317683    0.290600203
   39651.458333    0.059238415    0.224488415    0.111614431    0.368882724    0.056340041     0.20130752       0.001856301    0.300874593
   39651.468750   -0.067642886    0.357470122    0.132935569    0.249618496    0.045216057    0.393846138       0.165311585    0.231980285
   39651.479167    0.072333943    0.314228252    0.120648984    0.356850203    0.144157114    0.320142886       0.151620528    0.218386789
   39651.489583    0.096819715     0.23429939    0.170588008    0.283896951    0.072356301     0.32906565        0.10428313    0.318581911
   39651.500000   -0.043142886     0.48351687     0.06731565    0.370096138   -0.044372561    0.353108333       0.079644919    0.321181504
   39651.510417     0.15700061    0.278124593    0.195077846    0.287559553    0.137443699    0.121240447       0.034872561    0.435748577
   39651.520833   -0.048917276    0.312709959    0.053772967    0.386602236    0.195677439    0.234510772      -0.009124593    0.389679472
   39651.531250    0.268994512    0.344770935    0.119927439     0.39324248    0.015305488    0.399577846       0.026571748     0.33179939
   39651.541667   -0.081346138    0.534620528    0.131195732    0.371838008    0.040606301    0.312545325       0.099728252    0.438634756
   39651.552083    0.048862398    0.426514837   -0.049644919    0.605392886    0.158439634    0.377388821      -0.003803455    0.531657114
   39651.562500           9999           9999           9999           9999           9999           9999              9999           9999
   39651.572917           9999           9999           9999           9999           9999           9999              9999           9999
   39651.583333   -0.021187602    0.592277033    0.111555488    0.571443699    0.136772967    0.343401016       0.161917276    0.442653049
   39651.593750    0.235846138     0.31579939    0.015425407    0.575437602    0.090018902    0.312594106       0.005411179     0.62178313
   39651.604167   -0.025376626    0.428232317     0.01756565    0.528683537    0.158029065    0.449850203        0.18854126    0.393551423
   39651.614583    0.078252642    0.266592073   -0.005955894    0.483856301    0.066012805    0.408929472       0.037088008    0.583289228
   39651.625000    0.104083943    0.532392886    0.033069715    0.564716057    0.167094106    0.373461992       0.004230285    0.373175407
   39651.635417    0.148096138       0.396775    0.171630691    0.238236382    0.242309553    0.378947764      -0.063901016    0.511108333
   39651.645833   -0.026535163    0.515433537    0.076890854    0.452648984    0.094236382     0.44531565       0.054144919    0.493927439
   39651.656250    0.193636789    0.349933537    0.163207927    0.399628659    0.121917276     0.33328313      -0.058744512    0.600102236
   39651.666667   -0.123425407    0.597425407   -0.030181504    0.491803455    0.041297358    0.392909146      -0.004161179     0.48125061
   39651.677083    0.054252642    0.318829878    -0.00804939    0.387498577    -0.01429126    0.275272967       0.053427439    0.509655081
   39651.687500    0.234211992    0.173126626    0.145256707    0.269443699   -0.047120528    0.363092073       0.148293293    0.367764837
   39651.697917    0.065482317     0.37303313    0.084270935    0.243146951    0.049163211    0.317386789       0.124817683    0.356677439
   39651.708333   -0.069155081    0.399634756    0.039457927     0.32401687    0.053230285    0.342994512       0.099610366     0.35748435
   39651.718750    0.017478252    0.296246545    0.026348171    0.303842073     0.06676687    0.250232317       0.017482317    0.259913211
   39651.729167    0.066651016    0.296651016   -0.017356301    0.307157114    0.058100203    0.230285163       0.149874593    0.258679472
   39651.739583    0.057051423     0.21230752    0.091707927    0.192199797     0.02629939    0.332594106       0.071510772    0.282949797
   39651.750000    0.116118496    0.243344106    0.081423374     0.23782378    0.058846138    0.276720122       0.117559553    0.252364431
   39651.760417    0.042368496    0.240514837    0.026561585    0.217901016    0.109848171    0.252913211      -0.016957927    0.393012805
   39651.770833   -0.043705894    0.345285163    0.058224187    0.391468089    0.117142886    0.159630691       0.038770935    0.307610366
   39651.781250    0.205240447    0.320348171    0.099218089    0.254890854    0.068394919    0.285842073       0.128529065    0.204888821
   39651.791667    0.135248577    0.359598171   -0.009325813    0.319157114    0.186762805    0.214821748       0.011289228    0.235707927
   39651.802083   -0.038543293     1.01126687    0.062199797    0.585945732    0.110466057    0.737520935       0.121718089     0.58800874
   39651.812500    0.001421341    0.840990447    0.024720122    0.778998577    0.081427439    0.737433537       0.014110366     0.71900061
   39651.822917    0.102116463    0.606165244    0.010372561    0.494512805    0.068006707    0.416159146       0.027163211    0.302736382
   39651.833333    0.105394919    0.386474187    0.154581911    0.213195732    0.199035163    0.393512805       0.106693699    0.643004675
   39651.843750     0.19700061    0.366443699   -0.053132724    0.460610366    0.134116463    0.258614431       0.236947764    0.384561585
   39651.854167    0.190014837    0.694309553    0.132638821    0.399864431    0.013504675    0.525779065       0.041970122    0.421581911
   39651.864583    0.179917276    0.497039228   -0.015970122    0.488785163   -0.001055488    0.582506707       0.109683537    0.527927439
   39651.875000     0.01024248    0.526966057    0.112892886    0.395350203    0.001596138    0.641754675        0.09401687    0.632453862
   39651.885417    0.148441667    0.906640854    0.099642886    0.717053455    0.098711992    0.667220122       0.175852236     0.42523435
   39651.895833   -0.074911179    0.875340041    -0.01999248    0.910305488    0.099707927    0.890177439       0.112911179     0.75079939
   39651.906250    0.173705894    0.854173374   -0.002949797    0.933169309    0.082083943    0.978360366       0.063378659    0.808317683
   39651.916667    0.103618496    0.712520935    0.161136789    0.757760772    0.121285163    0.785874593      -0.005037195    0.956850203
   39651.927083    0.195876626    0.468482317    0.011862398    0.861457927    0.140218089    0.839466057       0.088331911    0.857240447
   39651.937500     0.02355752    0.583435569    0.099327846    0.663248577    0.057600203    0.643821748       0.126079878    0.762728252
   39651.947917   -0.043077846    0.476795325     0.07881565    0.497459959     0.01575874    0.484925407        0.04723435    0.600569715
   39651.958333    0.069915244    0.502236382    0.106437602    0.460401016    0.173268902    0.392311585       0.082968089    0.593988415
   39651.968750   -0.048585976    0.574803455    0.119831911    0.481813618    0.001293293    0.590838008      -0.015850203    0.599628659
   39651.979167   -0.007346138    0.464648984   -0.111848171     0.41976687   -0.085840041    0.362905081       0.054439634    0.505401016
   39651.989583    0.028943699    0.265360366    0.100220122    0.240844106    0.061090041    0.306744512       0.087813618    0.375218089
   39652.000000     0.15525061    0.286520935   -0.045777033    0.480193699    0.017563618    0.252923374       0.125929472    0.330929472
   39652.010417    0.155380691    0.459811585    0.036088008    0.301173374    0.153590041    0.226939634       0.037559553     0.31207378
   39652.020833    0.000317683    0.618937602    0.076927439    0.476947764    0.066801423    0.570244512       0.064720122    0.367764837
   39652.031250   -0.055754675    0.712148984    0.009390854     0.83082378    0.106886789    0.703002642       0.139151016    0.601998577
   39652.041667    0.207085976    0.811124593    0.116340041    0.761092073    0.090181504    0.689529065       0.041012805     0.85056565
   39652.052083    0.154829878    0.473943699   -0.021061585    0.676254675    0.012486382    0.682317683       0.120333943    0.624386789
   39652.062500    0.145338008    0.426185569       0.004525    0.714994512    0.164964024    0.521372561       0.113401016    0.464457927
   39652.072917   -0.033683537       0.511275    0.090583943    0.513760772    0.193256707    0.484854268       0.090155081    0.623457927
   39652.083333    0.201636789    0.357622561    0.065600203    0.506382724    0.168762805    0.452880691       0.035947764    0.412262805
   39652.093750    0.132256707     0.57974248    0.091833943    0.448272967    0.015626626    0.423069715       0.074537195     0.43123435
   39652.104167    0.175840041    0.412311585    0.106941667    0.480407114    0.191486382    0.435817683       0.054425407     0.52826687
   39652.114583    0.082878659    0.444600203    0.125579878    0.442531098   -0.001858333    0.469187602        0.20728313    0.400941667
   39652.125000    0.212990447    0.688903049    0.093358333    0.494827846    0.291401016    0.379953862        0.10849248    0.209352236
   39652.135417    0.001659146    0.560197764    0.024346138    0.514620528    0.061329878    0.398577846       0.028563618    0.395539228
   39652.145833   -0.041459959    0.519966057     0.19948435     0.58299248    0.075246545    0.456793293       0.083151016    0.292890854
   39652.156250    0.218888821     0.35097622    0.210165244    0.241746545    0.186577846    0.238689634       0.260098171    0.457738415
   39652.166667    0.106919309    0.234085976    0.016636789    0.169094106    0.054872561    0.293632724       0.196955894    0.172762805
   39652.177083    0.023364431    0.315732317    0.124401016    0.255583943    0.157055488    0.118366463      -0.105959959    0.479069715
   39652.187500    0.154394919    0.403191667    0.017167276    0.443035163    0.128431504     0.23499248       0.116858333    0.306090041
   39652.197917    0.138561585    0.555764837    0.129661179    0.529112398   -0.061368496    0.395096138       0.131102236    0.215163211
   39652.208333   -0.037482317    0.467644919    0.057827846    0.339892886    0.052270935    0.435464024       0.031927439    0.325886789
   39652.218750    0.262175407    0.381083943    0.106159146    0.401189634    0.057193699    0.454262805       0.052449797    0.510248577
   39652.229167    0.165606301    0.628673374    0.127858333     0.53850874    0.085445732    0.423088008       0.051195732    0.324673374
   39652.239583   -0.044346138    0.525340041    0.069923374    0.286163211    0.048431504    0.262116463       0.180535163    0.186555488
   39652.250000    0.235752642    0.120390854    0.058535163    0.273770935    0.036695732    0.326407114      -0.070628659    0.243777033
   39652.260417    0.070468089    0.096819715    0.027063618    0.150602236     0.06157378    0.165181504        0.04649248    0.179468089
   39652.270833    0.084945732    0.358854268    0.192813618   -0.010866463     0.10307378    0.083157114       0.069923374    0.186596138
   39652.281250    0.047600203    0.254630691     0.03198435    0.224333943    0.074153049    0.156630691       0.090709959    0.109537195
   39652.291667    0.118860366    0.345088008     0.16031565    0.172262805    0.107594106    0.119350203       0.146496545     0.19097622
   39652.302083   -0.136218089   -0.220860366    0.113644919   -0.124018902   -0.062279065   -0.075529065       0.074866463    0.159055488
   39652.312500   -0.093043293    0.001634756     0.02180752   -0.117896951    0.038646951   -0.217527033       0.072996545   -0.080153049
   39652.322917   -0.072098171   -0.131348171    0.045482317   -0.198262805    0.053752642   -0.319842073        0.01449248   -0.062153049
   39652.333333    0.128925407   -0.141142886   -0.081608333   -0.148163211   -0.172496545   -0.039153049       0.012128659   -0.127970122
   39652.343750    0.000498577   -0.358833943    -0.05306565    -0.24832378   -0.019874593   -0.083835976      -0.080998577   -0.085374593
   39652.354167   -0.035220122   -0.239142886    0.050876626   -0.169496545    0.090067683   -0.266256707       0.002238415   -0.178803455
   39652.364583     0.05026687    0.376935569    0.002640854    0.040405081   -0.010527033    -0.25999248      -0.052228252   -0.259716057
   39652.375000    0.149466057    0.506132724    0.070949797    0.200043293    0.057915244    0.269303455       0.134980285    0.323053455
   39652.385417    0.052474187     0.19904126    0.172287195    0.237490447    0.018764837    0.204923374       0.159567683    0.386433537
   39652.395833    0.116575813    0.454632724    -0.00349248    0.509651016   -0.001244512    0.260112398       0.240059553    0.199894919
   39652.406250    0.145628659    0.252945732    0.112004675    0.334911179    0.162866463     0.29654126       0.125622561    0.283974187
   39652.416667     0.01904126    0.064561585    0.042970122    0.398384756    0.039685569    0.267880691       0.216309553    0.184340041
   39652.427083    0.191104268    0.329092073    0.164801423    0.253392886    0.173494512    0.113982317       0.259699797       0.265275
   39652.437500    0.217303455    0.206679472    0.176986382    0.297974187    0.130892886    0.252069715       0.121480285    0.336848171
   39652.447917   -0.065378659    0.269699797    0.021844106    0.227356301    0.113868496    0.268933537       0.010596138    0.151529065
   39652.458333    0.067716057    0.369425407    0.058921341    0.372094106    0.214876626    0.362724187       0.140392886    0.224421341
