cases/OP3/data/ceh-nox-gradient_bukit-atur_20080625.na
40 1001
Helfter, Carole
CEH Edinburgh, Bush Estate, Penicuik, Midlothian EH26 0QB, UK; email caro2@ceh.ac.uk
NO and NO2 concentrations at four different heights (30 m, 45 m, 60 m, 75 m) on Bukit Atur GAW tower
OP3
1 1
2008 06 25  2008 07 24
0.010417
time (days since 1900-01-01 00:00:00 UTC+ 8:00)
8
1.  1.  1.  1.  1.  1.  1.  1.
9999.  9999.  9999.  9999  9999.  9999.  9999.  9999.
NO_concentration_30m (ppb)
NO2_concentration_30m (ppb)
NO_concentration_45m (ppb)
NO2_concentration_45m (ppb)
NO_concentration_60m (ppb)
NO2_concentration_60m (ppb)
NO_concentration_75m (ppb)
NO2_concentration_75m (ppb)
13
Air was was sampled from 4 heights (30 m, 45 m, 60 m, 75 m) and analysed by a Thermo Environmental Instruments 42C NO - NO2 - NOx
trace level analyser (resolution limit 0.025 ppb for both NO & NO2) located in the GAW lab (at the foot of the tower).
NO is measured directly by the analyser whilst NO2 results from thermal conversion.
The 4 heights were sampled sequentially using a custom-built valve switching system.
After each switching event, data-logging was suspended for 1 min allowing for the analyser to be purged.
After purging, air was sampled for 3 minutes (except for height 1 - 30 m - for which sampling lasted 2 minutes).
The data recorded in this file represent gradient sampling cycles (1 full cycle per 15 minutes) of the variables measured.
Please email Carole Helfter (caro2@ceh.ac.uk) prior to use.
site_name: Bukit Atur
country: Malaysia
longitude: 117.8441694
latitude: 4.98035
height_above_sea_level: 440 m
5
 -------------------------------------------------------------------------------------------
This file uses the NASA Ames format developed in
S. E. Gaines and R. S. Hipskind, Format Specification for Data Exchange, Version 1.3, 1998.
 -------------------------------------------------------------------------------------------
t              NO_30m         NO2_30m        NO_45m         NO2_45m        NO_60m         NO2_60m        NO_75m            NO2_75m
[from data line 2418]
   39650.083333    0.108161179    0.159953862    0.125081911    0.162661179    0.097327846    0.157356301       0.069459959    0.214474187
   39650.093750    0.051478252    0.341173374    0.098947764    0.125096138   -0.020939634    0.182128659      -0.000555488    0.301941667
   39650.104167    0.286896951    0.025957927    0.123787195    0.213970122   -0.004996545    0.223661179       0.046401016    0.086638821
   39650.114583    0.060512805    0.292311585    0.112319715    0.256968089    0.023677439    0.135512805       0.013581911    0.262964024
   39650.125000     0.15455752    0.367466057    0.110801423    0.079431504   -0.044148984    0.288482317       0.138181504    0.112457927
   39650.135417    0.173059553    0.362805488    0.070370528    0.154748577   -0.005004675    0.211986382       0.027329878    0.219466057
   39650.145833    0.016852236    0.262974187    0.023762805    0.186797358    0.121092073    0.006037195       0.164293293    0.098777033
   39650.156250    0.096305488    0.298760772    0.119171341    0.164868496   -0.041909146    0.242683537       0.069104268    0.178374593
   39650.166667    0.238155081    0.332805488     0.04024248    0.246919309    0.185856301    0.004238415        0.21926687    0.036382724
   39650.177083   -0.003518902    0.264797358    0.042313618     0.18729939    0.173522967    0.099163211       0.061959959    0.160620528
   39650.187500   -0.123252642    0.144663211    0.100679472     0.15953313    0.033482317    0.142338008       0.165148984    0.044531098
   39650.197917    0.149856301    0.190543293    0.147370528    0.171055488    0.130431504    0.184817683       0.173527033    0.156118496
   39650.208333    0.110909146    0.276081911    0.137279065    0.125364431    0.138964024    0.236915244       0.083583943    0.168496545
   39650.218750   -0.079866463    0.221945732    0.116636789    0.202980285    0.233553455    0.044829878       0.050043293    0.147165244
   39650.229167    0.113933537    0.030813618    0.021577846    0.223203862    0.042386789    0.119569715      -0.033098171    0.207360366
   39650.239583    0.040801423    0.226561585    0.050110366    0.166132724    0.005651016    0.154035163       0.031386789    0.229346138
   39650.250000    0.041169309    0.180768902    0.166374593    0.133547358    0.054380691    0.209966057       0.065569715    0.167417276
   39650.260417    0.031947764    0.087175407    0.124309553    0.055941667    0.031610366    0.244970122      -0.040939634    0.249083943
   39650.270833    0.082642886    0.239411179    0.108907114    0.151644919    0.199177439    0.065978252      -0.004746545    0.094071748
   39650.281250     0.21307378    0.061610366    0.163128659   -0.068464024    0.086640854    0.068620528      -0.011736382    0.130862398
   39650.291667    0.109433537    0.128764837    0.149230285    0.200911179    0.022624593    0.121819715       0.082059553    0.084884756
   39650.302083    0.234382724    0.018360366    0.017709959    0.246551423    0.089858333    0.219071748       0.144655081    0.049132724
   39650.312500    0.143051423    0.317474187    0.167888821    0.164364431   -0.074561585    0.207067683       0.075709959     0.20051687
   39650.322917     0.01704939    0.250443699    0.192888821    0.138478252    0.236795325    0.076144919       0.155472154    0.241777033
   39650.333333   -0.134860366    0.299880691    0.190002642    0.204760772    0.216980285       0.009275       0.031852236    0.361413211
   39650.343750    0.032352236    0.126860366    0.161443699     0.15605752    0.033356301    0.213673374       0.191842073     0.19179939
   39650.354167   -0.087905081    0.169260772       0.105275    0.150059553    0.108917276     0.14275874       0.198864431    0.080789228
   39650.364583    0.175858333    0.164705894    0.103600203    0.254429472    0.036340041    0.284577846       0.096860366     0.39529126
   39650.375000    0.015921341    0.427222154    0.275244512    0.420959959    0.162014837    0.333903049       0.043279065    0.263927439
   39650.385417           9999           9999           9999           9999           9999           9999              9999           9999
   39650.395833    0.117699797    0.154421341    0.034327846    0.220201829    0.107246545    0.137199797              9999           9999
   39650.406250    0.111163211    0.173083943    0.143478252    0.376083943    0.105254675    0.210648984       0.100793293    0.217417276
   39650.416667    0.133124593    0.071685569     0.10003313     0.32251687    0.122669309    0.094061585       0.084472154    0.305655081
   39650.427083   -0.072504675    0.373923374    0.088075813    0.334626626     0.12472622    0.123856301       0.008661179     0.24554939
   39650.437500    0.098478252    0.321738415   -0.047035163    0.339746545    0.210685569    0.172531098       0.028805488    0.252628659
   39650.447917    0.199116463    0.167624593    0.059592073    0.230752642    0.127705894    0.160370528      -0.000360366    0.318461992
   39650.458333    0.102329878    0.283848171     0.14097622    0.355378659    0.053673374    0.319390854      -0.021372561    0.333831911
   39650.468750   -0.004498577    0.364850203    0.159561585    0.245825813    0.107642886    0.207655081       0.102417276    0.432486382
   39650.479167    0.048709959    0.431634756   -0.079155081    0.322931504     0.12199248    0.237949797       0.145372561    0.330220122
   39650.489583    0.059289228    0.298754675     0.08432378    0.358455894    0.172931504    0.238356301       0.061317683    0.400825813
   39650.500000    0.130364431    0.353705894    0.181840041     0.42553313    0.090209959    0.214642886       0.108746545       0.366275
   39650.510417    0.176254675    0.116829878    0.102020935    0.369177439    0.200506707    0.178522967       0.086945732    0.212209959
   39650.520833    0.181232317    0.188651016    0.096327846    0.173961992    0.174998577    0.247779065       0.019669309    0.324990447
   39650.531250    0.080860366    0.011520935    0.025260772    0.206949797   -0.003220122    0.290110366       0.151514837    0.217047358
   39650.541667    0.138529065    0.257088008    0.086108333    0.173071748    0.170055488    0.195921341       0.077679472    0.157110366
   39650.552083    0.057134756    0.266640854   -0.044588008    0.408368496    0.093199797    0.349811585      -0.072281098    0.296205894
   39650.562500    0.104740447    0.149903049    0.178185569    0.131006707     0.01630752    0.313634756      -0.006555488    0.209090041
   39650.572917    0.010297358     0.44982378    0.115203862    0.237327846    0.073866463    0.220218089       0.023092073    0.327350203
   39650.583333    0.438441667    0.466559553    0.128090041    0.686376626    0.786342073    0.498295325       0.048405081    0.226510772
   39650.593750    0.104955894    0.190252642    0.088864431    0.265451829     0.10457378    0.313297358       0.100590041    0.342372561
   39650.604167    0.128380691    0.180067683    0.050374593    0.274720122    0.091376626    0.163346138       0.121055488    0.239228252
   39650.614583    0.039720122    0.252352236   -6.97154E-05     0.17601687    0.158888821     0.22948435       0.012496545    0.260157114
   39650.625000   -0.052610366    0.222697764    0.147638821    0.286169309    0.043342073    0.297901016       0.079272967    0.244681504
   39650.635417    0.059646951    0.139657114    0.034740447    0.180053455    0.043457927    0.335248577       0.050752642     0.16250061
   39650.645833    0.184138821    0.146287195    0.140844106    0.173882724    0.113929472    0.256348171       0.055464024    0.222423374
   39650.656250   -0.079022967    0.304510772    0.113478252    0.209874593    0.206646951    0.255602236       0.090957927    0.236203862
   39650.666667    0.281707927    0.166142886    0.192425407    0.190504675    0.258604268    0.199466057        0.02754126     0.29478313
   39650.677083    0.150474187    0.304335976   -0.052120528    0.381862398   -0.023964024    0.308480285       0.095693699    0.216285163
   39650.687500    0.020537195    0.177923374    0.071614431    0.244287195    0.141736382    0.291811585       0.141506707    0.168781098
   39650.697917     0.15822622    0.221419309    0.207177439    0.230707927           9999    0.167555488       0.108059553    0.253919309
   39650.708333   -0.005921341    0.273817683    0.094689634    0.216671341     0.12704126    0.340801423        0.16582378    0.273608333
   39650.718750   -0.031628659    0.277846138    0.193490447    0.363913211   -0.038563618    0.549618496       0.160691667    0.522022967
   39650.729167   -0.002825813    0.480461992    0.062583943     0.37725061    0.143628659    0.383179472       0.045159146    0.360327846
   39650.739583    0.052405081    0.376829878    0.074173374    0.618510772    0.156474187    0.518171341       0.148864431    0.433801423
   39650.750000    0.047632724    0.586287195    0.158642886    0.609445732    0.126445732    0.623205894        0.11001687    0.641585976
   39650.760417    0.093228252     0.44054939    0.109488415    0.593350203    0.089947764     0.66853313       0.009118496    0.678527033
   39650.770833    0.158915244    0.697689634     0.22925874    0.689711992    0.096683537    0.773892886      -0.012648984    0.764171341
   39650.781250    0.177561585    0.533083943    0.101277033    0.747608333     0.09597622    1.019421341       0.056240447    1.293116463
   39650.791667    0.065701829    1.100088008    0.011927439    1.278856301    0.260575813    1.001844106       0.066646951    1.188980285
   39650.802083   -0.037972154    0.730433537    0.104638821    0.812088008    0.041279065    0.719518902       0.095031098    0.930356301
   39650.812500    0.034157114     0.48529939     0.06678313       0.565025   -0.087933537     0.68075874       0.049012805    0.512059553
   39650.822917    0.128134756     0.37906565    0.025588008    0.554844106    0.081130691    0.525289228       0.037921341    0.530657114
   39650.833333    0.067014837    0.541417276    0.022466057    0.543527033     0.01874248    0.638923374       0.080472154    0.617835976
   39650.843750     0.14951687       0.484025    0.086344106    0.594146951    0.129085976    0.667352236       0.038335976    0.749730285
   39650.854167    0.104571748    0.534986382    0.206270935     0.80705752    0.217752642    0.919746545       0.121569715    0.936209959
   39650.864583    0.112433537    0.781342073    0.138474187    0.899289228    0.168398984    0.844569715       0.066886789    0.989898984
   39650.875000    0.133964024    0.705961992   -0.015207927    0.866772967    0.152144919    0.930955894       0.002468089    1.266335976
   39650.885417    0.082248577    0.568998577    0.089691667    0.783876626    0.066413211    0.939651016       0.199673374    0.910027033
   39650.895833     0.02382378    0.827701829    0.099561585    0.674055488     0.04704939    0.666840041       0.061687602    0.673155081
   39650.906250    0.069722154    1.297588008    0.247878659    0.977896951    0.060352236    0.924498577       0.124632724    1.336331911
   39650.916667           9999    2.183098171    0.053140854    2.064872561     0.09700874    2.179961992       0.118864431    2.108943699
   39650.927083    0.137860366    1.688502642    0.078317683    1.440118496    0.031608333       1.055025       0.103260772    0.972551423
   39650.937500    0.112006707    0.537222154    0.014655081    0.421941667    0.063720122    1.290622561       0.048707927    1.306140854
   39650.947917   -0.013230285    0.951301423    0.073464024    0.848063618   -0.146138821    0.876047358       0.056055488    0.822388821
   39650.958333    0.101346138     0.74554939    0.173657114    0.939447764    0.130604268     0.86200874       0.123136789    0.806480285
   39650.968750    0.128238415    0.620392886    0.113153049    0.799069715    0.131209959    0.904386789       0.162203862    0.743187602
   39650.979167    0.190535163    0.308401016    0.192067683       0.471525    0.078441667    0.573714024       0.169651016     0.98479126
   39650.989583   -0.146118496    0.589268902    0.030588008    0.371392886     0.12326687    0.246772967       0.125012805    0.575768902
   39651.000000    0.070748577    0.238468089    0.119907114    0.259596138   -0.009396951       0.463775       0.150384756    0.520854268
   39651.010417    0.086789228    0.287098171   -0.101376626     0.51379126    0.056955894    0.364781098       0.087608333    0.482486382
   39651.020833   -0.158665244    0.892175407    0.054844106    0.620346138    0.063819715    0.352445732       0.203811585    0.387819715
   39651.031250    0.032781098    0.417425407    0.041209959    0.454746545    0.150728252    0.352126626       0.135287195    0.387116463
   39651.041667    0.169659146    0.306978252    0.055968089    0.318970122    0.096246545     0.50575874       0.069090041    0.331569715
   39651.052083    0.189884756    0.430441667    0.051085976    0.553421341    0.004951829    0.470020935       0.007571748    0.427596138
   39651.062500    0.009590041    0.192392886    0.014653049    0.268224187   -0.031797358     0.33357378       0.032094106    0.416494512
   39651.072917     0.01681565    0.388092073    0.117185569    0.285677439    0.147718089    0.209667276      -0.090964024    0.430711992
   39651.083333   -0.093427439    0.351648984    0.133929472    0.259199797    0.071270935     0.42150061       0.092651016    0.361518902
   39651.093750    0.031581911    0.442344106    0.079789228    0.460279065    0.198077846    0.187358333      -0.037327846    0.268352236
   39651.104167    0.116510772    0.310874593    0.134146951    0.282648984    0.083459959    0.319872561        0.13028313    0.340035163
   39651.114583    0.246504675    0.298970122    0.151376626    0.208338008    0.033833943    0.205090041       0.106770935    0.205146951
   39651.125000     0.23307378    0.285787195    0.166390854     0.20556565    0.105417276    0.154051423       0.169663211    0.152543293
   39651.135417     0.14231565    0.172970122    0.184953862    0.161370528    0.129437602     0.15047622       0.147043293    0.324555488
   39651.145833    0.061602236    0.247951829    0.129494512    0.208421341    0.126732317    0.303661179       0.045957927    0.298925407
   39651.156250   -0.009945732     0.45376687    0.177470122    0.344077846    0.087585976    0.247287195       0.054031098    0.427012805
   39651.166667   -0.042427439    0.431124593    0.036537195    0.422449797    0.043457927     0.31932378       -0.00698435    0.533083943
   39651.177083    0.308167276    0.328854268     0.24172622    0.291075813    0.104506707    0.382331911       0.172134756    0.314153049
   39651.187500    0.138543293    0.386748577     0.10222622    0.344386789     0.21950874    0.424071748       0.129689634    0.411951829
   39651.197917    0.090915244    0.374120528     0.09580752    0.345112398    0.095590041    0.413277033       0.116555488    0.400175407
   39651.208333   -0.055939634     0.38605752    0.100687602    0.268892886    0.022270935    0.358673374      -0.009403049     0.32949248
   39651.218750    0.006819715    0.254929472    0.095067683    0.283006707    0.092459959    0.356136789        0.06156565    0.203697764
   39651.229167   -0.224394919    0.442768902     0.05025874    0.279894919     0.01351687    0.325551423       0.125474187    0.281146951
   39651.239583    0.168724187    0.198333943    0.039636789    0.228441667    0.105027033    0.323425407       0.081917276    0.291531098
   39651.250000    0.011494512    0.296443699    0.139921341    0.311451829    0.079852236    0.117138821       0.021876626    0.224415244
   39651.260417    0.075055488    0.279817683    0.109716057     0.25682378    0.130002642    0.205915244      -0.031199797    0.264270935
