cases/OP3/data/ceh-o3-gradient_bukit-atur_20080625.na
34 1001
Helfter, Carole
CEH Edinburgh, Bush Estate, Penicuik, Midlothian EH26 0QB, UK; email caro2@ceh.ac.uk
O3 concentrations gradient (30 m, 45 m, 60 m, 75 m) on Bukit Atur GAW tower
OP3
1 1
2008 06 25  2008 07 24
0.010417
time (days since 1900-01-01 00:00:00 UTC+ 8:00)
4
1.  1.  1.  1.
9999.  9999.  9999.  9999
O3_concentration_30m (ppb)
O3_concentration_45m (ppb)
O3_concentration_60m (ppb)
O3_concentration_75m (ppb)
11
Air was was sampled from 4 heights (30 m, 45 m, 60 m, 75 m) and analysed by a Thermo Environmental Instruments O3 analyser (
located in the GAW lab (at the foot of the tower). The 4 heights were sampled sequentially using a custom-built valve switch
After each switching event, data-logging was suspended for 1 min allowing for the analyser to be purged.
After purging, air was sampled for 3 minutes (except for height 1 - 30 m - for which sampling lasted 2 minutes).
The data recorded in this file represent gradient sampling cycles (1 full cycle per 15 minutes) of the variables measured.
Please email Carole Helfter (caro2@ceh.ac.uk) prior to use.
site_name: Bukit Atur
country: Malaysia
longitude: 117.8441694
latitude: 4.98035
height_above_sea_level: 440 m
5
 -------------------------------------------------------------------------------------------
This file uses the NASA Ames format developed in
S. E. Gaines and R. S. Hipskind, Format Specification for Data Exchange, Version 1.3, 1998.
 -------------------------------------------------------------------------------------------
t              O3_30m         O3_45m         O3_60m         O3_75m
[from data line 2316]
   39649.020833           9999           9999           9999           9999
   39649.031250           9999           9999           9999           9999
   39649.041667           9999           9999           9999           9999
   39649.052083           9999           9999           9999           9999
   39649.062500           9999           9999           9999           9999
   39649.072917           9999           9999           9999           9999
   39649.083333           9999           9999           9999           9999
   39649.093750           9999           9999           9999           9999
   39649.104167           9999           9999           9999           9999
   39649.114583           9999           9999           9999           9999
   39649.125000           9999           9999           9999           9999
   39649.135417           9999           9999           9999           9999
   39649.145833           9999           9999           9999           9999
   39649.156250           9999           9999           9999           9999
   39649.166667           9999           9999           9999           9999
   39649.177083           9999           9999           9999           9999
   39649.187500           9999           9999           9999           9999
   39649.197917           9999           9999           9999           9999
   39649.208333           9999           9999           9999           9999
   39649.218750           9999           9999           9999           9999
   39649.229167           9999           9999           9999           9999
   39649.239583           9999           9999           9999           9999
   39649.250000           9999           9999           9999           9999
   39649.260417           9999           9999           9999           9999
   39649.270833           9999           9999           9999           9999
   39649.281250           9999           9999           9999           9999
   39649.291667           9999           9999           9999           9999
   39649.302083           9999           9999           9999           9999
   39649.312500           9999           9999           9999           9999
   39649.322917           9999           9999           9999           9999
   39649.333333           9999           9999           9999           9999
   39649.343750           9999           9999           9999           9999
   39649.354167           9999           9999           9999           9999
   39649.364583           9999           9999           9999           9999
   39649.375000           9999           9999           9999           9999
   39649.385417           9999           9999           9999           9999
   39649.395833           9999           9999           9999           9999
   39649.406250           9999           9999           9999           9999
   39649.416667           9999           9999           9999           9999
   39649.427083           9999           9999           9999           9999
   39649.437500           9999           9999           9999           9999
   39649.447917           9999           9999           9999           9999
   39649.458333           9999           9999           9999           9999
   39649.468750           9999           9999           9999           9999
   39649.479167           9999           9999           9999           9999
   39649.489583           9999           9999           9999           9999
   39649.500000           9999           9999           9999           9999
   39649.510417           9999           9999           9999           9999
   39649.520833           9999           9999           9999           9999
   39649.531250           9999           9999           9999           9999
   39649.541667           9999           9999           9999           9999
   39649.552083           9999           9999           9999           9999
   39649.562500           9999           9999           9999           9999
   39649.572917           9999           9999           9999           9999
   39649.583333           9999           9999           9999           9999
   39649.593750           9999           9999           9999           9999
   39649.604167      8.1426303      9.3930833           9999           9999
   39649.614583      7.2081673      8.4406173     11.0190003     10.4713333
   39649.625000      7.4150333      9.1102173      8.9526673      8.5164003
   39649.635417      8.8380003      9.2880343     10.1586673      9.0944003
   39649.645833      8.3114673     10.2865833     10.8335003      9.8215333
   39649.656250      7.3634003      9.2024173     11.1308333     11.3701673
   39649.666667      6.4923003      8.1421833     10.4519173     10.9011673
   39649.677083      6.7276003      8.8541333     10.3383503      7.9366003
   39649.687500      8.3558333     10.5166673     10.0235003      9.2754503
   39649.697917      9.2903333     11.7708333     11.2930833     12.2283333
   39649.708333     10.4763333     11.8963333     13.3800003     12.8416673
   39649.718750     11.8090003     14.3131673     13.5160343     12.7935003
   39649.729167     11.3793333     14.3248283     14.7941383     14.3260003
   39649.739583     11.2980003     14.6725003     15.1121673     14.5086673
   39649.750000     10.3308333     13.8215003     14.5737933     13.9381673
   39649.760417      9.4675673     13.0541673     13.6555003     13.3678333
   39649.770833      9.1225673     12.1495003     13.1672413     12.3176673
   39649.781250      9.5345003     12.5098333     14.2686673     13.6446673
   39649.791667      9.5340673     12.0050003     12.5940003     11.9311673
   39649.802083     10.9840003     13.8445003     13.7760003     14.0178333
   39649.812500      9.3904003     13.0610003     14.3961673     13.7636673
   39649.822917     10.2591673     12.8825003     14.3711673     13.5398283
   39649.833333     10.6333333     13.7759323     13.2475003     14.1866673
   39649.843750     12.3516673     15.0000003     15.2516673     15.0075003
   39649.854167     12.4324143     15.9306673     16.7888333     16.0096673
   39649.864583     11.6523333     15.6581363     16.9996673     16.1766673
   39649.875000     10.4996673     14.5152543     15.0868973     14.6415003
   39649.885417      8.2599673     12.7693333     14.6373333     13.9496673
   39649.895833      7.8164843     11.6679663     12.1055003     11.3708203
   39649.906250      8.1576213     10.6929313     12.4785713     11.3295003
   39649.916667      8.4257003     11.2303333     12.5628333     11.4857503
   39649.927083     10.6706903     13.2208203     13.5692983     12.8560003
   39649.937500     10.6116673     13.9975003     14.8900003     14.0904923
   39649.947917     10.6310003     13.9304923     15.0901693     14.6005003
   39649.958333      9.9048333     13.1098333     14.4761673     14.2578333
   39649.968750     10.3186673     14.0661673     15.0693333     14.5055003
   39649.979167     11.0410003     14.2260003     15.1276673     14.6158333
   39649.989583      9.2105003     14.0558333     14.7951723     14.1547173
   39650.000000      9.8788333     14.0850003     14.7700003     14.3900003
   39650.010417      8.2137673     11.4375003     14.9366673     14.5400003
   39650.020833     11.2883333     14.8378333     15.4110003     14.4693333
   39650.031250      8.3286333     14.5865003     16.0146673     14.7978333
   39650.041667      8.2928333     12.0864673     15.0056673     14.7481673
   39650.052083      8.7034333     13.8805003     15.6536673     14.9470003
   39650.062500      6.8567333     14.6203333     15.7285003     15.1250003
   39650.072917      8.7521333     14.6313333     15.8466673     14.8798333
   39650.083333     10.1281673     14.7248333     15.8276673     15.0261673
   39650.093750      6.0271673     15.0871673     15.9735003     15.2216673
   39650.104167     12.7760003     15.5771673     16.0160003     15.2385003
   39650.114583     12.0500003     15.0103333     15.8511673     15.2696673
   39650.125000      9.2323333     14.6308333     15.8251673     15.1081673
   39650.135417      4.0545003     11.9941673     15.1875003     15.1783333
   39650.145833      8.4397673     12.7716673     14.6258333     14.2116673
   39650.156250      8.5491333     12.3880003     14.8396673     14.9071673
   39650.166667      4.4831003      8.8736333     12.8311673     14.9646673
   39650.177083      6.0371333     11.3724143     13.1008333     13.2583333
   39650.187500      8.9834333     13.3463333     14.8290003     15.5860003
   39650.197917      6.1806333     10.9831673     14.1760003     14.5331673
   39650.208333      5.6267333     11.5743333     12.5803333     13.8506673
   39650.218750      6.4591003     10.9988333     13.5636673     15.0996673
   39650.229167      8.5509673     12.3161673     15.2501673     15.0196673
   39650.239583      7.7157003     15.0055003     15.7021673     15.1063333
   39650.250000      7.0357333     12.7496673     15.4258333     14.8326673
   39650.260417      4.6986673     11.4770003     13.3468333     14.8881673
   39650.270833      3.3178333      9.7773333     11.9541673     12.0734483
   39650.281250      9.6380003     11.9076673     13.4198253     12.7841673
   39650.291667      9.1526673     12.9330003     13.9703333     13.2236673
   39650.302083      9.6635003     12.2841673     13.5313333     13.0390003
   39650.312500      9.2447673     11.6398333     12.3606673     12.7041673
   39650.322917      9.4021003     12.0118333     13.3266673     13.9368333
   39650.333333     10.0312333     11.9216673     12.7828333     14.0301673
   39650.343750      9.9880673     12.7243333     14.3568333     13.7131673
   39650.354167     10.5857143     13.1208333     14.2622413     13.6891673
   39650.364583     10.9356673     12.6736673     13.8996723     13.9761673
   39650.375000      9.3334673      9.2545503     10.0786673     12.0746333
   39650.385417           9999           9999           9999           9999
   39650.395833      7.1868673      9.2802833     10.3616673           9999
   39650.406250      6.5863333      8.9912503      9.6020003     10.4837503
   39650.416667      7.6141673      8.6821673      8.5610003      8.6000833
   39650.427083      9.3329333      8.9302833     11.0661673      9.2858333
   39650.437500      9.1582333     10.7536673     12.7073333     10.7466673
   39650.447917      8.8571613     10.1959003     11.0117243     10.4397673
   39650.458333      7.9106903      9.4371933     10.0540003     10.4662503
   39650.468750      8.0820323      9.4848833      9.9294333      7.9621193
   39650.479167      7.3143573      8.7963833     10.5268333      9.6840003
   39650.489583      7.2856333      8.7282503      8.9737073      7.9496213
   39650.500000      7.6783003      9.2281723      9.2308833      8.9380833
   39650.510417      6.8574673      8.9090833     10.0738833      7.9104483
   39650.520833      5.4210003      7.3355503      9.4304003      9.2919833
   39650.531250      7.1801333      7.2823833      9.1149173      6.7994333
   39650.541667      7.3663003      9.5992333     10.5146673      8.9619673
   39650.552083      8.8688673     10.8763333     10.4276673     10.2846673
   39650.562500      7.9465003     10.4957003     12.0081673     11.2888333
   39650.572917      9.9541673     11.9450003     11.8883333     11.3150003
   39650.583333      5.8685003      8.5880003      8.2109173     11.8700003
   39650.593750      7.5559333      9.2271903      9.6195833      9.1032503
   39650.604167      7.8521003     10.3893333     11.8063333      9.0390833
   39650.614583      8.3854673     10.3075173     10.9046673     10.2882673
   39650.625000      7.2291333      9.3726673     12.5189663     10.9430003
   39650.635417      8.6129003     11.8550003     12.7368333     11.6250003
   39650.645833      9.5721333     11.0205933     12.2656673     11.2908333
   39650.656250      9.5354003     11.8796673     12.5278333     11.4181673
   39650.666667      7.4892333     10.4809503     11.9305003     11.7075003
   39650.677083      9.9343333     12.2115523     13.1493333     12.4580003
   39650.687500     10.3623333     11.4370003     12.8338333     12.5158333
   39650.697917      9.3268333     11.5789663     11.4996673     10.9886673
   39650.708333      8.1203333     10.4380833     11.3516673     11.7741673
   39650.718750      8.0406673     12.8641673     13.9866673     13.1833333
   39650.729167     11.3520003     13.2378333     14.2420003     14.6125003
   39650.739583     12.2136673     16.0821673     18.7910003     16.5580003
   39650.750000     10.4410003     14.5978333     17.0436673     16.1883333
   39650.760417      9.7267673     13.7270003     15.8743333     16.6548333
   39650.770833      9.9450673     14.3948333     15.3300003     15.0172413
   39650.781250      9.7211673     13.3768333     15.9220003     17.0028333
   39650.791667     12.1126673     15.7868333     17.5095003     16.5913333
   39650.802083     12.4243333     15.7436673     16.3495003     16.0626673
   39650.812500     13.2580003     17.2325003     18.4836673     17.4345003
   39650.822917      3.6798673     16.0405003     18.2298333     17.0431673
   39650.833333     14.2616673     16.6895003     18.0168333     16.5908333
   39650.843750     14.4116673     17.6450003     18.3058333     17.2383333
   39650.854167     13.0016673     17.0425003     17.7400003     16.6516673
   39650.864583     13.7930003     16.5100003     17.1058333     16.2066673
   39650.875000     14.3990003     16.7626673     16.9595003     16.0971933
   39650.885417     13.3683333     16.4755003     17.5475003     16.7076673
   39650.895833     12.6758063     14.8305003     15.4555003     15.2993443
   39650.906250     12.3536673     14.5260003     14.8868333     15.2963933
   39650.916667     13.2032263     14.7493333     15.2942623     14.6450003
   39650.927083     12.0863333     15.0893443     16.5603453     16.3785253
   39650.937500      3.3560003      6.0233833     14.6891533     14.9231153
   39650.947917     13.2213333     15.1523733     14.5695083     13.8332793
   39650.958333     11.9156673     14.5984753     16.6590003     16.0356673
   39650.968750     10.9710003     14.1288333     15.7701673     15.4691673
   39650.979167      4.0772003      8.0917503     12.0224173     13.8500003
   39650.989583      6.7848003      6.9194503      7.3154173     10.8065003
   39651.000000      6.0313333      7.8213173     11.5886673     11.7140003
   39651.010417      5.4525003     11.9900003     13.8208333     11.5141383
   39651.020833      2.3538333      4.6415833     12.0333333     12.5125003
   39651.031250      2.9887673      5.1113173      5.5162243      5.2620833
   39651.041667      2.9162003      4.8676673      5.1191503      5.5044173
   39651.052083      3.3770333      4.8790173      5.6985173      5.8268333
   39651.062500      5.8084333      8.3046333      7.6615673      6.0392503
   39651.072917      6.4237243      8.4421173      9.2447333      9.1854333
   39651.083333      8.3100333      9.9667503     12.0376673     11.2498333
   39651.093750      5.8590673      8.1891833      9.3404483      9.2031503
   39651.104167      5.6925333      8.1922003      8.2643503      7.7020673
   39651.114583      6.1059003      7.7710003      8.9062503      9.2158673
   39651.125000      5.3243673      6.9410833      8.4866003      9.2931003
   39651.135417      5.0505003      8.1200173      9.4086003      9.1575673
   39651.145833      4.9681673      7.2473333      9.7311033      8.5307503
   39651.156250      6.5766673      9.2073333      9.6559173      8.6694173
   39651.166667      7.3536003      8.7920673      9.2366503      9.4960003
   39651.177083      5.3139673      9.1724833      9.9973333      9.6248003
   39651.187500      6.6235673      8.1836503      9.0272173      8.8910833
   39651.197917      7.8834673      9.6450503     10.9633333     10.8105833
