cases/OP3/data/ceh-o3-gradient_bukit-atur_20080625.na
34 1001
Helfter, Carole
CEH Edinburgh, Bush Estate, Penicuik, Midlothian EH26 0QB, UK; email caro2@ceh.ac.uk
O3 concentrations gradient (30 m, 45 m, 60 m, 75 m) on Bukit Atur GAW tower
OP3
1 1
2008 06 25  2008 07 24
0.010417
time (days since 1900-01-01 00:00:00 UTC+ 8:00)
4
1.  1.  1.  1.
9999.  9999.  9999.  9999
O3_concentration_30m (ppb)
O3_concentration_45m (ppb)
O3_concentration_60m (ppb)
O3_concentration_75m (ppb)
11
Air was was sampled from 4 heights (30 m, 45 m, 60 m, 75 m) and analysed by a Thermo Environmental Instruments O3 analyser (
located in the GAW lab (at the foot of the tower). The 4 heights were sampled sequentially using a custom-built valve switch
After each switching event, data-logging was suspended for 1 min allowing for the analyser to be purged.
After purging, air was sampled for 3 minutes (except for height 1 - 30 m - for which sampling lasted 2 minutes).
The data recorded in this file represent gradient sampling cycles (1 full cycle per 15 minutes) of the variables measured.
Please email Carole Helfter (caro2@ceh.ac.uk) prior to use.
site_name: Bukit Atur
country: Malaysia
longitude: 117.8441694
latitude: 4.98035
height_above_sea_level: 440 m
5
 -------------------------------------------------------------------------------------------
This file uses the NASA Ames format developed in
S. E. Gaines and R. S. Hipskind, Format Specification for Data Exchange, Version 1.3, 1998.
 -------------------------------------------------------------------------------------------
t              O3_30m         O3_45m         O3_60m         O3_75m
    39624.89583     20.2316673     23.1641673     24.2543483     21.6441673
   39624.906250     20.7350003     22.6391673     23.2825003     20.7118973
   39624.916667     20.1080003     22.7373333     23.3823333     21.2850003
   39624.927083     20.0663333     22.7358333     23.4253333     20.8720003
   39624.937500     12.1036673     19.9688333     22.5750003     20.7030003
   39624.947917     14.2553333     17.3936673     22.7305003     20.1216673
   39624.958333     13.6306673     17.5685003     18.2481673     19.2585003
   39624.968750      9.1150003     14.7573333     19.6323333     18.1778333
   39624.979167      7.4785003      9.1063503     13.9478333     13.4161673
   39624.989583     10.1533333     14.5923333     15.8936673     13.2438333
   39625.000000     12.0180003     14.6715003     19.9710003     18.2568333
   39625.010417     11.2130003     13.3366673     14.7493333     15.7521673
   39625.020833     12.6716673     14.9983333     15.5240003     12.9388333
   39625.031250     12.1400003     14.7375003     14.4425003     13.7958623
   39625.041667     11.9333333     14.4091673     15.5258333     13.4716673
   39625.052083     12.4846673     15.3195003     16.0988333     14.0508333
   39625.062500     11.3463333     16.2371673     16.7551673     14.7238333
   39625.072917     13.7063333     15.1445003     16.8515003     14.6341383
   39625.083333     12.3823333     15.9613333     15.9041673     15.2493103
   39625.093750     15.2750003     17.2516673     17.4116673     15.2725003
   39625.104167     15.8736673     17.8421673     18.1356673     15.6515003
   39625.114583     14.6910003     19.3008333     20.2563333     16.8777973
   39625.125000     16.1213333     19.1340683     19.6691673     17.5623733
   39625.135417     17.5335713     19.7618333     19.6981673     18.1950003
   39625.145833     12.9986673     18.5720003     20.8310003     18.8123333
   39625.156250     15.2570003     17.6406673     18.7583333     18.3586673
   39625.166667     13.9270003     16.7371673     17.7741673     17.5166673
   39625.177083     12.0606673     16.3965003     18.1031033     16.1826673
   39625.187500     14.6833333     17.9475003     18.3815003     16.1656673
   39625.197917     10.4433333     17.6791673     20.2625003     18.9800003
   39625.208333           9999           9999           9999      7.9996673
   39625.218750           9999           9999           9999           9999
   39625.229167           9999           9999           9999           9999
   39625.239583           9999           9999           9999           9999
   39625.250000           9999           9999           9999           9999
   39625.260417           9999           9999           9999           9999
   39625.270833           9999           9999           9999           9999
   39625.281250           9999           9999           9999           9999
   39625.291667           9999           9999           9999           9999
   39625.302083           9999           9999           9999           9999
   39625.312500           9999           9999           9999           9999
   39625.322917           9999           9999           9999           9999
   39625.333333           9999           9999           9999           9999
   39625.343750           9999           9999           9999           9999
   39625.354167      5.3987333      7.3017633           9999           9999
   39625.364583      7.5647333      6.8391833      9.0141003      8.1228173
   39625.375000      5.3888333      7.9620003      8.8174673     11.6818833
   39625.385417      8.6154673      7.3095503      8.6226333      7.8430333
   39625.395833      5.3425673      8.8393333      9.9190673     12.0584003
   39625.406250      7.1145003      8.4240503      9.4544833     10.5079173
   39625.416667      8.1952003      7.6329833     10.2580673      8.4872673
   39625.427083      9.6294003     10.6373333     10.2963333      9.8372173
   39625.437500      9.6422003      9.9146673     12.0485003     10.3911503
   39625.447917     10.9080003     10.5514673     11.3816673      9.7190833
   39625.458333     11.0883333           9999           9999           9999
   39625.468750     11.1866673     12.6950003     12.9633333     12.4950003
   39625.479167      9.6363333     12.9858333     13.0816673     12.1075003
   39625.489583      9.8511673     11.5200003     12.1860343     11.4375003
   39625.500000     11.7053333     11.0766383     13.1998333     12.7586673
   39625.510417      9.7876153     12.0251673     12.9451673     12.5740003
   39625.520833     10.8442003     12.9496673     13.9191383     12.7285003
   39625.531250     12.0370003     14.3339663     15.2208333     12.7986673
   39625.541667     11.6350003     13.3456673     14.6938333     13.2513793
   39625.552083      9.5874003     11.9566673     13.5393333     11.7518973
   39625.562500     11.5317863     13.1093103     13.7683333     11.7378183
   39625.572917     11.0500003     11.5735003     12.8096673      9.3525833
   39625.583333     12.9283333     12.4153453     14.3947373      3.5581173
   39625.593750     12.5566673     14.4551673      3.6419833      3.6966503
   39625.604167     12.2383333     15.0228813     14.9340003     14.3900003
   39625.614583     13.4210343     14.2241673      2.1655833     13.8393443
   39625.625000     12.9682143     15.1575003     15.7350003     14.2733333
   39625.635417     13.6900003     15.9605173     16.7953453     14.6308333
   39625.645833     15.7606673     17.0375003     17.9216673     14.8175003
   39625.656250     16.6383333     18.4822413     20.1791673     17.6333333
   39625.666667     14.7796673     17.4681033     18.5906903     16.6295003
   39625.677083     14.5625003     16.7555003     18.3451673     15.8745003
   39625.687500     14.2723333     16.6645003     17.5473333     15.4362073
   39625.697917     13.7650003     16.1806673     17.8563793     15.7060003
   39625.708333     14.7180003     16.1438333     17.1158333     14.5806673
   39625.718750     15.6503333     17.8370003     18.8367243     15.9998333
   39625.729167     17.3473333     19.4505003     20.3190003     17.3161673
   39625.739583     18.8856673     20.8295003     21.5178333     18.7921673
   39625.750000     19.5060003     20.9641673     20.6475003     18.3808333
   39625.760417     20.7833333     22.3600003     22.5625863     18.0618333
   39625.770833     19.2383333     22.3566673     22.8275003     20.5100003
   39625.781250     17.7466673     20.4816673     22.5341673     20.2775003
   39625.791667     16.1665523     18.8258623     19.5308333     18.4775003
   39625.802083     14.9170003     17.3178333     18.6005003     16.4855003
   39625.812500     13.4460003     15.4051673     16.2668333     15.2166673
   39625.822917     13.9550003     15.7774143     16.1383333     14.5475003
   39625.833333     14.7850003     16.9295003     17.2985003     14.2006673
   39625.843750     14.9693333     16.4601673     17.1353333     14.8745003
   39625.854167     15.0140003     16.3498283     16.4696673     14.6968333
   39625.864583     14.1710003     15.8445003     17.1920003     14.6671673
   39625.875000     13.2683333     14.9513333     15.7589663     14.1406673
   39625.885417     13.5263333     14.7625003     15.6496673     14.2766673
   39625.895833     13.3050003     14.3396553     15.3126673     14.4613333
   39625.906250     13.1450003     14.9816673     15.8433333     14.9158333
   39625.916667     13.0150003     14.3241673     16.1166673     14.9566673
   39625.927083     14.2400003     15.9231673     16.8950003     14.6586673
   39625.937500     13.2396673     17.4250003     18.7975003     17.6873333
   39625.947917     12.8290003     17.5470003     18.1530003     17.7383333
   39625.958333     10.7011673     14.0398333     15.8560003     16.4168333
   39625.968750     13.7656673     15.2953453     15.7810003     15.0643333
   39625.979167     14.3700003     17.9350003     20.0860003     17.8379663
   39625.989583     13.1300003     20.2150003     21.0250003     19.6300003
   39626.000000     14.9900003     19.5750003     21.0400003     19.4000003
   39626.010417     13.0416673     20.7715253     21.6987503     19.7300003
   39626.020833     17.6803333     21.3368333     22.7123333     20.3406673
   39626.031250     10.1065003     17.0908333     23.3445003     21.1800003
   39626.041667     14.6250003     18.7405173     21.3533333     21.3591673
   39626.052083     17.3593553     20.2825003     20.9891673     19.5566673
   39626.062500     11.0793333     18.5748333     20.2124143     19.3500003
   39626.072917     15.0966673     18.3811673     19.4960003     18.9133333
   39626.083333     10.2968283     15.1901673     19.0444643     18.5201723
   39626.093750     11.5723333     17.8910003     20.0896493     18.0634483
   39626.104167     11.7520693     18.6740683     21.5047463     19.4616073
   39626.114583     11.7910343     20.5489473     22.2794743     19.9233333
   39626.125000     18.0703333     20.6628573     21.9328333     19.9874073
   39626.135417     12.5070003     20.9301723     21.7731033     20.3725863
   39626.145833     18.2353333     21.3179313     22.0100003     19.7453453
   39626.156250     18.4210003     21.2145003     21.9568973     20.2286213
   39626.166667     17.5816673     19.7144833     21.4522413     19.2100003
   39626.177083     10.9893333     19.3823333     21.5903333     19.2794833
   39626.187500     13.6817863     15.6795003     16.8708333     17.4334483
   39626.197917     13.2357143     15.6815523     18.3285003     16.6423333
   39626.208333     14.6733333     17.8283333     19.6831033     17.9750003
   39626.218750     11.6816673     17.4341673     19.7565453     18.5608333
   39626.229167     10.5496673     14.6865003     17.3230003     19.1250003
   39626.239583     13.2846673     16.3596673     18.8421673     18.0561673
   39626.250000     13.8520003     16.3558333     17.6081673     17.8528333
   39626.260417     12.1748333     16.8626673     17.6418333     17.3900003
   39626.270833     11.7070003     16.3136673     18.8326673     18.9685003
   39626.281250     14.4166673     16.2643333     18.4555003     17.8930003
   39626.291667     14.1870003     16.5403333     17.3226673     16.7426673
   39626.302083     14.4560003     17.2663333     18.4166673     17.0068333
   39626.312500     17.2893333     19.0003333     19.2953333     17.8430003
   39626.322917     17.9643333     20.1246673     22.2170003     19.9041673
   39626.333333     17.6666673     20.2358333     22.4671673     20.3840003
   39626.343750     11.2768333     10.5457503     23.0108333     21.0779313
   39626.354167     12.9703233     13.7447243      9.8970833      8.3307503
   39626.364583      8.7317003      8.7237073     14.3473333     16.9590003
   39626.375000      8.7891333     12.1422503     15.0181673     10.1817933
   39626.385417     12.5036673     15.6596673     18.2610003      9.5746673
   39626.395833     10.5228673     13.2535003     16.8690003     14.9570003
   39626.406250     13.1853333     16.7820003     14.5538333     12.2332763
   39626.416667     11.9823333     15.3761673     17.3828333     16.1300003
   39626.427083     12.2266673     15.0190003     20.1993333     15.9210003
   39626.437500     15.8886673     15.9566673     18.0728333     15.0236213
   39626.447917     15.7966673     15.6880003     17.6641673     15.4843333
   39626.458333     16.8720003     17.4431673     18.8960003     17.1910533
   39626.468750     17.3366673     19.7120003     20.5515003     18.7976673
   39626.479167     16.6666673     19.1325003     21.2823213     17.7253453
   39626.489583     16.6683333     18.3508333     19.5808333     18.0344833
   39626.500000     18.7220003     19.7903333     20.9596553     17.5968333
   39626.510417     16.8006673     18.2656903     21.0951673     18.9853333
   39626.520833     13.6183873     13.3952543     15.8482763     16.9094833
   39626.531250     15.2826673     13.7476673     14.8721673     14.2495003
   39626.541667     12.9465523     15.2748333     18.7240683     18.1601673
   39626.552083     12.8248393     13.9895003     15.0328333     13.6508333
   39626.562500     14.7412903     17.0956903     18.4617243     15.5005003
   39626.572917     14.8893333     17.8288333     18.3448283     15.9088523
   39626.583333     17.5393333     17.3731033     19.3701693     16.1242373
   39626.593750     14.2906673     16.0166673     18.2467243     18.4247463
   39626.604167     19.9483333     20.9378693     23.8846673     18.4989663
   39626.614583     20.3853573     23.3547543     24.2903453     21.6143333
   39626.625000     20.5113333     23.0996673     23.8286673     21.0113333
   39626.635417     20.5633333     23.0260343     23.4075003     20.9338333
   39626.645833     13.4083333     15.9459323     20.5425003     19.5636213
   39626.656250     13.5246673     14.9833333     15.5703333     13.5725003
   39626.666667     14.0182143     17.0520003     17.0171433     15.6631033
   39626.677083     13.8310003     15.2157893     16.7798333     15.4548333
   39626.687500     12.2185713     15.4886673     15.9023333     14.8124143
   39626.697917     15.9970003     18.8429313     18.6191673     12.6916673
   39626.708333     14.3925003     18.5756903     19.9848283     17.9072413
   39626.718750      9.4131003     14.9386673     16.7794833     18.4400003
   39626.729167     12.2346673     14.7931033     13.9198333     13.2736673
   39626.739583     16.0182143     15.5401673     16.9734483     15.3166673
   39626.750000     15.5186673     18.5255173     19.6391673     17.6455003
   39626.760417     15.1793333     17.0188333     18.5486673     16.5401793
   39626.770833     15.0183333     16.9175003     17.7229313     16.5930003
   39626.781250     14.7616673     16.7703453     16.9391673     15.4083333
   39626.791667     14.6589293     16.1945003     16.8738603     15.0200003
   39626.802083     14.8166673     16.5271673     17.0210533     14.9211673
   39626.812500     14.6343333     16.7008333     17.4563333     14.7939663
   39626.822917     15.7720003     16.3020003     15.6327593     14.5215003
   39626.833333     16.2330003     17.3738333     17.8422813     15.6060343
   39626.843750     15.9382143     17.0178333     17.1791383     16.0848333
   39626.854167     17.5076673     18.7432763     18.0631673     16.6217243
   39626.864583     16.6026673     18.0096673     18.3025863     16.6324143
   39626.875000     17.9353573     18.7466673     18.6775443     16.8448333
   39626.885417     16.9603333     17.8937933     17.9631673     15.9025003
   39626.895833     17.8060003     19.0024593     19.5210003     17.3536213
   39626.906250     18.4578573     20.5791673     22.2322413     18.5736673
   39626.916667     17.9350003     19.8666673     19.8925003     17.1291673
   39626.927083     17.6733333     19.5660343     19.7236673     17.4998283
   39626.937500     17.3423333     19.6768333     20.8668333     18.7620693
   39626.947917     17.2503333     19.7293223     20.8796553     19.0875003
   39626.958333     13.5983333     19.0607023     20.9585003     19.0571673
   39626.968750      4.6774843      8.5604103     16.3998333     18.7536213
   39626.979167      6.8586333      6.9420503     18.4905173      9.3527333
   39626.989583     10.9841943     12.9291673     14.4385453     12.4060003
   39627.000000     12.1825813     15.4012283     15.8633333     14.1828333
   39627.010417     14.7590323     17.3287933     18.8075003     17.6225863
   39627.020833     14.9650003     17.8555003     19.4295003     17.6267243
   39627.031250      9.0937043     16.7106673     19.0503513     17.2808333
   39627.041667     12.4303233     16.5705003     17.5793103     16.2408473
   39627.052083      2.9123333      7.1374743     16.5526233     15.1250003
   39627.062500      8.8273103     10.4723733      8.4925003      5.2464173
   39627.072917     11.0316673     13.4548283     14.5266673     12.3032763
