cases/OP3/data/ceh-nox-gradient_bukit-atur_20080625.na
40 1001
Helfter, Carole
CEH Edinburgh, Bush Estate, Penicuik, Midlothian EH26 0QB, UK; email caro2@ceh.ac.uk
NO and NO2 concentrations at four different heights (30 m, 45 m, 60 m, 75 m) on Bukit Atur GAW tower
OP3
1 1
2008 06 25  2008 07 24
0.010417
time (days since 1900-01-01 00:00:00 UTC+ 8:00)
8
1.  1.  1.  1.  1.  1.  1.  1.
9999.  9999.  9999.  9999  9999.  9999.  9999.  9999.
NO_concentration_30m (ppb)
NO2_concentration_30m (ppb)
NO_concentration_45m (ppb)
NO2_concentration_45m (ppb)
NO_concentration_60m (ppb)
NO2_concentration_60m (ppb)
NO_concentration_75m (ppb)
NO2_concentration_75m (ppb)
13
Air was was sampled from 4 heights (30 m, 45 m, 60 m, 75 m) and analysed by a Thermo Environmental Instruments 42C NO - NO2 - NOx
trace level analyser (resolution limit 0.025 ppb for both NO & NO2) located in the GAW lab (at the foot of the tower).
NO is measured directly by the analyser whilst NO2 results from thermal conversion.
The 4 heights were sampled sequentially using a custom-built valve switching system.
After each switching event, data-logging was suspended for 1 min allowing for the analyser to be purged.
After purging, air was sampled for 3 minutes (except for height 1 - 30 m - for which sampling lasted 2 minutes).
The data recorded in this file represent gradient sampling cycles (1 full cycle per 15 minutes) of the variables measured.
Please email Carole Helfter (caro2@ceh.ac.uk) prior to use.
site_name: Bukit Atur
country: Malaysia
longitude: 117.8441694
latitude: 4.98035
height_above_sea_level: 440 m
5
 -------------------------------------------------------------------------------------------
This file uses the NASA Ames format developed in
S. E. Gaines and R. S. Hipskind, Format Specification for Data Exchange, Version 1.3, 1998.
 -------------------------------------------------------------------------------------------
t              NO_30m         NO2_30m        NO_45m         NO2_45m        NO_60m         NO2_60m        NO_75m            NO2_75m
   39624.895833    0.111943699    0.796246545    0.173195732    0.885193699    0.137941667    0.749714024       0.074022967    1.027555488
   39624.906250    0.192146951    0.534689634    0.159874593    0.309657114    0.012539228    0.347937602       0.196366463    0.340695732
   39624.916667    0.109051423    0.279675407     0.07800874    0.339974187    0.101892886    0.235183537       0.178372561     0.27500061
   39624.927083     0.10380752    0.221061585    0.121480285    0.222360366    0.140203862     0.21425061       0.153677439    0.456622561
   39624.937500    0.125608333    0.000805488    0.085793293     0.31882378    0.143409146    0.155531098        0.13274248     0.33057378
   39624.947917    0.093935569    0.304319715    0.161189634    0.322090041    0.097746545     0.25330752       0.042612398    0.266709959
   39624.958333    0.087468089    0.215614431    0.030673374    0.545126626    0.131677439    0.503888821       0.178779065    0.268856301
   39624.968750    0.004098171    0.605819715    0.100894919    0.288683537    0.062081911     0.36849248       0.085075813    0.448923374
   39624.979167    0.160037195    0.148870528    0.098441667    0.447090041    0.100740447    0.185898984       0.128094106    0.265185569
   39624.989583    0.006825813    0.163571748    0.108994512    0.220838008    0.064236382    0.183531098       0.205029065    0.295161179
   39625.000000    0.105311585     0.02974248    0.148803455    0.101709959     0.11047622    0.325632724        0.19501687    0.431114431
   39625.010417    0.149600203    0.009352236    0.040756707    0.151866463    0.148083943   -0.000744512       0.092876626    0.214055488
   39625.020833    0.119295325    -0.00357378    0.172279065    0.007577846    0.102545325    0.014177439       0.115711992   -0.063655081
   39625.031250    0.087722154   -0.019665244    0.042045325    0.124762805    0.115240447    0.005144919       0.183596138    0.054140854
   39625.041667    0.081128659   -0.013161179    0.018616463     0.12305752    0.044569715    0.032197764       0.090675407    0.032187602
   39625.052083    0.029240447    -0.01926687    0.067935569    0.072754675    0.073829878    0.031547358       0.108996545    0.137618496
   39625.062500    0.050801423   -0.107490447    0.065455894     0.06004126    0.010118496    0.083309553       0.115289228     0.00172622
   39625.072917    0.129423374   -0.160002642    0.047862398    0.058915244    0.053518902   -0.020585976       0.084618496    0.006012805
   39625.083333     0.15829939   -0.067197764    0.011913211    0.036770935    0.070207927   -0.042846138       0.077831911     0.04955752
   39625.093750    0.055289228    0.005959959     0.05080752    0.025289228    0.135522967   -0.082466057       0.088854268    0.133707927
   39625.104167    0.103346138   -0.053571748     0.13622622    0.011917276    0.155622561    0.021846138       0.096850203    0.095648984
   39625.114583       0.183525   -0.000787195    0.075098171    0.072293293    0.004846138    0.127520935       0.092236382     0.05878313
   39625.125000   -0.006437602    0.057579878    0.068884756    0.118872561    0.117132724   -0.007045325       0.132781098    0.097165244
   39625.135417     0.08729126    0.113624593    0.107151016    0.243705894    0.106449797    -0.01625874       0.072128659    0.216441667
   39625.145833   -0.054539228    0.163350203    0.029331911    0.062862398    0.177563618    0.100031098       0.126053455     0.13954939
   39625.156250    0.139959959    0.316344106   -0.003372561    0.332415244    0.082014837    0.282896951       0.168333943    0.134445732
   39625.166667    0.148795325     0.26228313    0.044502642    0.461122561    0.112730285    0.293998577       0.060189634    0.300563618
   39625.177083    0.143953862    0.138777033     0.04178313     0.41357378    0.068098171    0.260577846       0.029224187    0.382978252
   39625.187500    0.097039228    0.207159146     0.06505752     0.43601687    0.104297358    0.290959959       0.106598171     0.28173435
   39625.197917       0.054025    0.003768902    0.085179472    0.286598171    0.033309553    0.406102236       0.099614431    0.251108333
   39625.208333           9999           9999           9999           9999           9999           9999       0.080968089     0.16779126
   39625.218750           9999           9999           9999           9999           9999           9999              9999           9999
   39625.229167           9999           9999           9999           9999           9999           9999              9999           9999
   39625.239583           9999           9999           9999           9999           9999           9999              9999           9999
   39625.250000           9999           9999           9999           9999           9999           9999              9999           9999
   39625.260417           9999           9999           9999           9999           9999           9999              9999           9999
   39625.270833           9999           9999           9999           9999           9999           9999              9999           9999
   39625.281250           9999           9999           9999           9999           9999           9999              9999           9999
   39625.291667           9999           9999           9999           9999           9999           9999              9999           9999
   39625.302083           9999           9999           9999           9999           9999           9999              9999           9999
   39625.312500           9999           9999           9999           9999           9999           9999              9999           9999
   39625.322917           9999           9999           9999           9999           9999           9999              9999           9999
   39625.333333           9999           9999           9999           9999           9999           9999              9999           9999
   39625.343750           9999           9999           9999           9999           9999           9999              9999           9999
   39625.354167    0.244232317   -0.038439634    0.165968089    0.158374593           9999           9999              9999           9999
   39625.364583    0.235163211    0.045006707    0.321014837    0.243244512    0.320817683    0.116860366        0.56976687    0.408429472
   39625.375000    0.078947764     0.04876687    0.110370528     0.04022622     0.32724248    0.151447764        0.24098435    0.283348171
   39625.385417    0.155998577     0.06472622    0.168100203   -0.009090041    0.180730285   -0.034598171       0.187358333    0.208669309
   39625.395833    0.117457927    0.182583943    0.041709959    0.078220122    0.144634756   -0.047974187       0.086325813   -0.057553455
   39625.406250    0.149394919    0.069331911    0.092151016    0.074838008    0.124955894    0.024433537       0.119886789    0.091116463
   39625.416667     0.15748435     0.10779939     0.11379126    0.160358333    0.011961992    0.026398984       0.072648984    0.281846138
   39625.427083    0.056986382   -0.000937602    0.039913211       0.121025     0.09825874   -0.015982317       0.237031098   -0.131972154
   39625.437500    0.085911179    0.036545325    0.076468089   -0.099366463    0.072085976   -0.073252642       -0.07929939    0.032289228
   39625.447917   -0.032285163    0.081831911   -0.002232317    0.045947764    0.111657114    0.021171341       0.057716057    0.002285163
   39625.458333    0.000793293   -0.052020935           9999           9999           9999           9999              9999           9999
   39625.468750    0.057407114    -0.02081565       0.105525    0.022512805   -0.062537195    0.097852236       0.167433537   -0.177329878
   39625.479167    0.060746545    0.049821748    0.108801423    0.085364431    0.131457927   -0.060459959       -0.04229939    0.136183537
   39625.489583    0.053805488    0.179309553   -0.001220122    0.138661179   -0.056833943    0.091329878       0.031051423   -0.031360366
   39625.500000    0.166616463   -0.003797358    0.032443699    0.084352236    0.025447764   -0.035193699       0.020311585    0.072882724
   39625.510417    0.106372561   -0.046781098    0.032114431    0.060795325     0.00754126   -0.044136789       0.026474187    0.089486382
   39625.520833    0.109342073     0.09450874    0.138535163   -0.143653049    0.092636789   -0.110968089       0.091752642    0.045228252
   39625.531250    0.144986382   -0.023138821   -0.015138821   -0.008490447     0.09979939   -0.053313618       0.076222154    0.082638821
   39625.541667    0.068126626   -0.136978252    0.078248577    0.064709959     0.14756565   -0.137195732       0.072118496   -0.029173374
   39625.552083    0.081256707     0.00800061    0.032945732   -0.001661179    0.082096138   -0.158193699        0.15749248   -0.035413211
   39625.562500     0.10801687   -0.011957927    0.041622561    -0.02549248    0.057159146   -0.135736382      -0.066809553    0.006244512
   39625.572917    0.116628659    0.123321748    0.123760772   -0.087079878    0.054059553   -0.080779065       0.081085976    0.044102236
   39625.583333    0.055272967    -0.03654126   -0.008892886    0.111752642   -0.025518902   -0.059870528       0.058401016    0.081797358
   39625.593750    0.017232317    0.163445732    0.089175407    0.095644919    0.048604268    0.001311585       0.076665244   -0.014390854
   39625.604167   -0.026449797   -0.006636789    0.110888821    0.053429472    0.033890854    0.041088008       0.127118496    -0.01800061
   39625.614583    0.131892886   -0.139709959    0.025081911    0.019772967    0.136502642   -0.138039228      -0.014754675   -0.050797358
   39625.625000    0.152146951   -0.156151016     0.04674248   -0.009943699   -0.033571748    -0.04474248       0.085506707    -0.02200874
   39625.635417    0.107870528    -0.10678313    0.113240447   -0.144331911    0.046833943   -0.044496545       0.081709959   -0.150793293
   39625.645833    0.158677439    0.286053455    0.044894919    0.247425407    0.113907114    0.025230285       -0.01622622   -0.005035163
   39625.656250    0.192047358    0.095256707    0.112214024    0.139608333    0.096909146    0.241132724       0.138620528    0.349577846
   39625.666667    0.054972154    0.042085976     0.05430752    0.043134756    0.061935569    0.088561585       0.109413211     0.10823435
   39625.677083    0.011933537    0.032779065    0.116403049    0.019092073    0.163882724   -0.058114431       0.122183537    0.063244512
   39625.687500   -0.000955894   -0.031636789    0.168061585   -0.142281098    0.014128659    0.015209959       0.200207927   -0.087978252
   39625.697917    0.129756707   -0.048433537    0.116673374   -0.003756707    0.027781098   -0.009880691        0.09905752   -0.095935569
   39625.708333    0.055831911    0.049716057    0.120437602   -0.182344106    0.124279065    -0.12925061       0.117301423   -0.083472154
   39625.718750    0.181126626   -0.130931504    0.134094106   -0.155770935    0.066748577   -0.030781098       0.010155081   -0.072866463
   39625.729167     0.16173435   -0.233244512    0.079809553   -0.161768902    0.183480285   -0.231461992       0.152346138   -0.126155081
   39625.739583    0.006886789    0.053415244    0.101620528   -0.095642886    0.051246545   -0.044022967       0.073709959   -0.055622561
   39625.750000   -0.002539228    0.011878659    0.068943699    0.006527033    0.146085976   -0.078685569       0.111494512   -0.094236382
   39625.760417    0.153858333    0.013760772    0.032547358     0.10079126    0.108994512   -0.038134756       0.080102236   -0.047130691
   39625.770833    0.017277033    0.050872561    0.182844106   -0.053687602    0.061921341    -0.00772622       0.140748577    0.098890854
   39625.781250    0.097838008   -0.011401016    0.089437602   -0.103071748    0.167592073    0.025197764       0.205878659   -0.068232317
   39625.791667     0.07400061   -0.090805488    0.060187602   -0.081947764    0.080697764   -0.098835976       0.033811585    0.027413211
   39625.802083    0.011144919   -0.068461992    0.053720122   -0.052779065    0.040423374   -0.016317683       0.057854268   -0.120240447
   39625.812500     0.01579939    0.315063618    0.152350203    0.013094106    0.005037195    0.055083943       0.127868496    -0.09479126
   39625.822917    0.132185569    0.375970122    0.064671341     0.33923435    0.078331911    0.129970122       0.119437602    0.219787195
   39625.833333    0.213998577    0.609295325    0.119020935    0.748431504    0.080630691    0.561325813       0.133718089    0.544386789
   39625.843750    0.100474187     0.89304939    0.132838008     0.94574248    0.079309553    0.865925407       0.168236382    0.730915244
   39625.854167    0.083959959     0.85050874    0.008106301    1.010762805    0.131374593    0.758045325       0.207512805     0.23149248
   39625.864583    0.104120528    1.055746545    0.110543293    1.044167276    0.095626626    0.891287195       0.144104268    0.248175407
   39625.875000     0.11806565    0.826051423    0.053201829    0.888705894     0.16276687    0.824653049       0.075427439    0.427201829
   39625.885417    0.024720122     1.30975061    0.099187602    1.033679472    0.041090041    0.856148984        0.16779126    0.200313618
   39625.895833    0.082707927    1.108673374    0.103161179    0.802512805     0.08323435    0.809590041       0.147252642    0.080860366
   39625.906250    0.133537195    1.342140854    0.152151016    1.403218089    0.118472154    0.133858333       0.098856301    0.236020935
   39625.916667    0.002789228    1.206132724    0.037378659    0.834029065    0.085646951    0.120126626       0.142659146    0.111327846
   39625.927083    0.027825813    0.101608333    0.053094106    0.315354268     0.03205752    0.139096138       0.075917276    0.255085976
   39625.937500    0.036468089    0.412840041     0.08449248    0.153220122    0.074677439    0.148051423        0.04525061    0.231579878
   39625.947917    0.116453862    0.531376626    0.113417276    0.106461992    0.114937602    0.045789228      -0.010874593    0.162770935
   39625.958333    0.066382724    0.677256707     0.03956565     0.57599248       0.102525    0.164577846       0.146622561    0.126697764
   39625.968750    0.087061585    0.655027033    0.079183537    0.923921341    0.085014837    0.618852236      -0.026522967    0.399622561
   39625.979167    0.035468089    0.197236382    0.175132724    0.080590041     0.11832378    0.097685569       0.105569715    0.175988415
   39625.989583    0.088520935    0.328760772    0.039047358    0.159197764       0.169025    0.078374593       0.053740447    0.110061585
   39626.000000    0.044980285     0.32804939    0.046088008   -0.051350203    0.094583943    0.047632724       0.015010772    0.125579878
   39626.010417     0.02998435    0.521443699    0.058319715    0.013443699    0.108671341    0.070482317       0.043394919    0.020317683
   39626.020833    0.176844106   -0.160785163    0.092159146    0.040559553    0.084118496      -0.032275       0.199955894   -0.072646951
   39626.031250    0.202413211    0.044480285   -0.002441667    0.191663211    0.127964024   -0.064490447       0.089986382   -0.095075813
   39626.041667    0.105553455    0.227811585    0.075736382    0.113844106     0.04153313   -0.081071748       0.057941667   -0.086813618
   39626.052083    0.040551423     0.52100061    0.131378659    0.386043293    0.090020935    0.209112398       0.092555488    0.167870528
   39626.062500    0.090673374    0.254689634    0.120453862    0.571947764    0.096754675    0.647594106       0.134053455    0.608277033
   39626.072917      -0.033775    0.397886789    0.088709959    0.498106301    0.096510772    0.474151016       0.124687602    0.480736382
   39626.083333     0.02978313    0.221232317    0.106890854    0.345563618    0.009199797    0.611561585       0.060925407    0.544785163
