cases/OP3/data/ceh-o3-gradient_bukit-atur_20080625.na
34 1001
Helfter, Carole
CEH Edinburgh, Bush Estate, Penicuik, Midlothian EH26 0QB, UK; email caro2@ceh.ac.uk
O3 concentrations gradient (30 m, 45 m, 60 m, 75 m) on Bukit Atur GAW tower
OP3
1 1
2008 06 25  2008 07 24
0.010417
time (days since 1900-01-01 00:00:00 UTC+ 8:00)
4
1.  1.  1.  1.
9999.  9999.  9999.  9999
O3_concentration_30m (ppb)
O3_concentration_45m (ppb)
O3_concentration_60m (ppb)
O3_concentration_75m (ppb)
11
Air was was sampled from 4 heights (30 m, 45 m, 60 m, 75 m) and analysed by a Thermo Environmental Instruments O3 analyser (
located in the GAW lab (at the foot of the tower). The 4 heights were sampled sequentially using a custom-built valve switch
After each switching event, data-logging was suspended for 1 min allowing for the analyser to be purged.
After purging, air was sampled for 3 minutes (except for height 1 - 30 m - for which sampling lasted 2 minutes).
The data recorded in this file represent gradient sampling cycles (1 full cycle per 15 minutes) of the variables measured.
Please email Carole Helfter (caro2@ceh.ac.uk) prior to use.
site_name: Bukit Atur
country: Malaysia
longitude: 117.8441694
latitude: 4.98035
height_above_sea_level: 440 m
5
 -------------------------------------------------------------------------------------------
This file uses the NASA Ames format developed in
S. E. Gaines and R. S. Hipskind, Format Specification for Data Exchange, Version 1.3, 1998.
 -------------------------------------------------------------------------------------------
t              O3_30m         O3_45m         O3_60m         O3_75m
[from data line 422]
   39629.291667      4.5548333      7.1613053      9.0423453     12.3353453
   39629.302083      6.7621003      9.7220003     12.2460003     13.1698333
   39629.312500      6.3066003      9.5677593     12.9729313     12.2051673
   39629.322917      6.8820673     10.5655833     13.4648333     12.8981033
   39629.333333      2.4093673      9.2471673     15.9926673     15.2296613
   39629.343750      5.1848333      6.6453573      8.7517503      8.7765673
   39629.354167      4.1734333      2.6973003      6.7669833      8.4046673
   39629.364583      0.9343833      1.5870003      3.2099833      3.8142683
   39629.375000      1.7916673      2.6142593      2.0928333      2.1204173
   39629.385417      4.1403333      4.3951253      9.9336673      4.9025003
   39629.395833      7.8448003      9.0089123      8.5324393      7.3081213
   39629.406250      6.9018003      9.3021383     11.8996673     12.3834173
   39629.416667      7.4410003      9.1868173     10.1346723      9.0028623
   39629.427083      9.3686253     10.2959173     10.3326173      8.0190693
   39629.437500           9999           9999           9999           9999
   39629.447917      9.0949673     12.2125003           9999           9999
   39629.458333      7.3329333      9.5385503     11.3408333     10.9500003
   39629.468750      9.4947673     12.1661673     13.0508333     11.1930003
   39629.479167     11.2146673     11.9863333     12.0693333     10.3978503
   39629.489583     13.7583333     13.3458333     12.6823333     11.0180833
   39629.500000     12.1116673     14.0868333     15.5148333     13.7633333
   39629.510417     11.6900003     13.4158333     13.5950003     12.5425003
   39629.520833     12.1383333     12.6525003     14.8591673     14.4816673
   39629.531250     12.4576673     11.7251673     14.1835003     12.5350003
   39629.541667     12.9853333     11.3416673     12.9146673     12.1391383
   39629.552083     11.8743333     11.5011673     12.5503333     11.7848333
   39629.562500     10.3795333     11.1301673     14.7425003     11.3601673
   39629.572917      9.4975003     10.5226673     13.5846673     12.5176673
   39629.583333     10.9448673     10.2734173     12.5443333     10.7563333
   39629.593750     10.1511333     10.6753333     12.3808203     10.3831333
   39629.604167      9.0640673     10.9147463     11.6618333      9.4975503
   39629.614583     10.0493003     11.3401673     12.5346673     11.1390003
   39629.625000     10.6440003     12.7933333     14.0751673     10.2500003
   39629.635417     12.3946673     12.7396673     11.8888333     10.9373333
   39629.645833     12.0180003     13.6925003     13.5098333     12.3748283
   39629.656250     11.6413333     13.3190003     14.7475003     13.1793333
   39629.666667     11.7933333     13.0891673     14.6985003     12.8423333
   39629.677083     10.7916673     12.7329313     13.5275003     12.2358333
   39629.687500     11.2490003     12.2900003     12.6358333     12.6033333
   39629.697917      7.9882333     11.5144833     14.1539663     12.4070003
   39629.708333     12.8153333     15.6648333     16.0293333      9.5442333
   39629.718750     13.4323333     15.8871673     16.7565003     15.8746673
   39629.729167     14.0213333     15.4068333     17.4031673     15.7508333
   39629.739583     12.6156673     15.9475003     17.5208623     16.0036673
   39629.750000     12.2393333     13.8681673     19.1125003     16.4485003
   39629.760417     14.2710003     16.6061673     16.8628333     15.6660003
   39629.770833     11.4240003     14.2013333     16.4248333     15.9171673
   39629.781250     12.0913333     16.6128333     17.5596673     15.5955003
   39629.791667     16.2275003     16.8785003     17.2532763     15.1701723
   39629.802083     15.1696433     18.5451723     18.6558623     17.2233333
   39629.812500     14.1566673     19.1266673     18.9666673     17.7908333
   39629.822917     15.3933333     18.6508333     19.0725003     17.5941673
   39629.833333     13.0010003     18.6618333     19.3686673     17.8521673
   39629.843750     11.2656673     12.0858333     17.6196673     17.8948283
   39629.854167      9.6000003     14.8878333     17.2587933     16.8943103
   39629.864583     11.5196673     14.8610003     16.6315003     16.3355003
   39629.875000     11.1026673     14.4826673     17.2368333     14.6083333
   39629.885417     10.5713333     12.1268973     13.9962073     14.1884483
   39629.895833     14.0343333     16.9026673     18.0101673     15.4928333
   39629.906250     14.0982143     16.4960003     17.2771673     15.2808333
   39629.916667     13.8113333     16.2373333     16.0573333     15.1556673
   39629.927083     14.7730003     17.9045003     18.6981673     16.9473333
   39629.937500     14.8200003     18.3615003     19.1133333     17.8768333
   39629.947917     14.6646433     17.5175003     18.4166673     17.2575003
   39629.958333     11.5383333     16.3516673     16.7916673     15.0541673
   39629.968750     11.0610003     16.2266673     17.0422413     15.2891673
   39629.979167     12.6936673     15.5420003     16.0736673     15.0708333
   39629.989583     12.4486673     14.2456903     14.7621673     14.1127593
   39630.000000     12.1563333     14.8035003     15.4129313     14.1791673
   39630.010417     11.0416673     13.0421673     13.1743333     13.5015003
   39630.020833      9.0190323     13.8516673     14.5230003     14.4153333
   39630.031250     12.4046673     14.9460003     14.9840003     14.4225003
   39630.041667     12.2187103     15.4790003     15.8600003     14.2585003
   39630.052083     12.9383333     15.3285003     15.5940003     14.9778333
   39630.062500     12.5135483     15.7029313     16.0435003     14.8166673
   39630.072917     12.1673333     14.3275003     15.1275003     14.6616673
   39630.083333     12.1565523     14.8920343     15.5359323     13.9700003
   39630.093750     11.9996673     14.5505083     16.0175003     14.4825003
   39630.104167     12.0025813     15.1708333     15.3125423     14.7501693
   39630.114583     12.6633333     15.3725003     15.8775003     14.8883333
   39630.125000     12.5326673     14.9833333     15.3766673     13.9411863
   39630.135417     12.2623333     14.6718333     15.2555003     14.2118333
   39630.145833     12.4213333     14.5055003     14.9228333     13.8200003
   39630.156250     12.3336673     15.2156673     16.1835003     15.1465003
   39630.166667      6.4219673     13.8848333     14.2630003     15.1570693
   39630.177083      4.2832333      7.5352833     11.2750003     13.3748333
   39630.187500      5.3335003      6.1811003      8.0522173     11.8641673
   39630.197917     10.8916673     12.4865003     12.4706673     12.1310003
   39630.208333      6.6943673     12.4335003     16.2893333     13.5633333
   39630.218750      6.8581673     11.6460003     17.0055003     16.1840003
   39630.229167      5.3887003      8.8844173     13.6375003     14.9541673
   39630.239583      4.9386673      8.6315833     12.1178333     12.4310003
   39630.250000      3.9681673      7.6835833      8.6135003     10.3729173
   39630.260417      3.6261673      6.6809173      9.3489173      9.4511673
   39630.270833      4.9426333      7.3477003      7.1283833      7.3809673
   39630.281250      5.4371003      8.1708173      9.2752173      7.6869493
   39630.291667      6.3182333      8.1390003      8.5835183      8.2070833
   39630.302083      5.8718673      7.3684503     10.3514413      8.4097003
   39630.312500      7.1649333      9.2666003      9.5698673      7.7181503
   39630.322917      6.2521003      7.9101723      8.8671333      7.7961333
   39630.333333      5.2363333      6.5697673      8.0765673      7.6667173
   39630.343750      4.5319673      7.9441333      7.1875173      7.0081833
   39630.354167      6.1005673      6.9929003      7.8057173      6.5186673
   39630.364583      4.1088673      6.7372173      8.6141833      8.4365333
   39630.375000      6.3256673      7.1719673     10.7224673      6.4113173
   39630.385417      8.2456673      9.5326673     12.1000003     10.8791673
   39630.395833      5.7330003      8.6236033     10.8078333      7.9258333
   39630.406250      8.0414333      9.3039003     11.1017173      7.5279333
   39630.416667      8.0972003     10.5261673     11.3140523     11.6126673
   39630.427083      7.6316673      8.1185333     12.6076673     11.5660003
   39630.437500      9.2042593      9.8224833     10.0714503      8.9706723
   39630.447917      9.2327333     10.5613793     12.1991533     10.5255003
   39630.458333      7.4781673     10.1388173     12.0453333     10.3683333
   39630.468750     10.0503673      9.4296893     11.5951673      9.7679173
   39630.479167      9.1722333     10.6153833     11.5281033     11.8070003
   39630.489583     11.7713333     11.1716673     13.9361673     11.4496673
   39630.500000     11.9206673     13.4285003     15.9186673     14.4930003
   39630.510417     11.0818333     11.5880363     15.1205173     13.6200003
   39630.520833      9.9424143     12.2187503     12.6975003     11.8612733
   39630.531250      9.4216543     11.2801673     12.6950003     12.6791383
   39630.541667     11.6156673     12.0146673     11.3713333     12.1783333
   39630.552083      9.8988333     12.2990003     13.7588143     13.0681673
   39630.562500     11.2966673     13.2941673     14.2585003     12.8358333
   39630.572917     10.5063333     12.1612073     12.4336673     12.3033333
   39630.583333      9.3095713     12.1742373     13.5816673     12.9519643
   39630.593750      9.0265673     10.8238333     12.2713333     12.3520003
   39630.604167     10.5003333     11.6305083     13.0475003     11.8255003
   39630.614583      9.9551673     11.8700003     13.3978333     11.8700003
   39630.625000      8.7548333     11.3708333     12.9632763     11.5798333
   39630.635417     11.2346673     12.8205663     13.9185003     10.5638333
   39630.645833      8.3994003     10.8373333     12.2671673     12.2026673
   39630.656250     10.0415333     10.8933333     12.3115003     10.8393973
   39630.666667      5.6535003      6.2272243     11.4203003     11.9460003
   39630.677083      9.7526673     10.4083333      9.7154003      7.1362503
   39630.687500     10.0863333     12.5666673     13.6703453     13.1658333
   39630.697917     13.3750003     14.4991673     15.4438983     14.1312503
   39630.708333     11.7703333     15.7876673     16.3255003     15.1330003
   39630.718750     13.7510003     15.5216673     15.9853333     14.7211673
   39630.729167     13.1306673     15.0437933     15.5979313     14.4567243
   39630.739583     13.3610713     14.7960003     15.6786213     14.1926673
   39630.750000     10.1007933     11.1886213     14.3508623     14.3013793
   39630.760417     11.3120003     13.1301673     13.7690003     14.5316673
   39630.770833      9.7080003     11.7160003     14.8196673     14.0003333
   39630.781250     13.3883333     15.1596553     15.7944643     13.9381033
   39630.791667     13.1203333     14.7941673     15.8711673     14.8813333
   39630.802083     10.8366673     14.7530003     15.6540003     14.9625003
   39630.812500     10.0288333     12.1518333     14.4908333     13.7230003
   39630.822917      9.7076073     12.2258333     11.6353453     11.7224143
   39630.833333     11.7566673     12.5337933     12.8091673     13.2200003
   39630.843750      9.6150003     12.5293333     15.2340003     14.3085003
   39630.854167     12.9696673     14.4135003     15.0660003     14.0085003
   39630.864583     12.7330003     14.4163333     16.0210003     15.1761673
   39630.875000     12.2483333     14.1186673     15.8721673     15.8351673
   39630.885417     14.1203333     15.7453333     16.8972413     15.3181673
   39630.895833     14.9960003     16.4321053     17.4395003     15.5671673
   39630.906250     14.9578573     16.9178333     17.7643103     16.5418333
   39630.916667     15.5796673     16.6903333     17.5865003     16.0820003
   39630.927083     14.8810003     16.2750003     17.3358623     15.7786673
   39630.937500      7.1230333     14.1663333     17.5080003     15.8740003
   39630.947917     12.9400003     15.7291673     16.6060003     15.1190003
   39630.958333     12.9000003     14.9333333     16.1434483     15.0083333
   39630.968750      7.2238333      7.9788573      9.3449173     14.1291673
   39630.979167      7.5197333      8.6356003      9.7476173     11.7958333
   39630.989583      6.9909003      9.7904673     11.3648333      9.4112763
   39631.000000      6.2061333      8.3900173     11.4901673     10.5876673
   39631.010417      5.7958673      7.5479833      9.1897503      9.9452673
   39631.020833      6.2448333      7.0727703      7.6842003      7.7236833
   39631.031250      7.1205003      7.7471833      8.9675573      8.0341003
   39631.041667      9.6134003     10.2015173     10.3932033      8.2653833
   39631.052083      9.5469313     10.9642113     11.4576673     11.6466673
   39631.062500     10.7753333     12.5875003     12.8930513     12.1393333
   39631.072917     11.4993103     15.1853333     17.3068853     13.8728333
   39631.083333     12.4750003     13.7530513     13.6433333     13.5170693
   39631.093750     13.2276673     14.2100003     15.1933903     14.0785253
   39631.104167      8.9204333     11.9675003     15.0374143     14.1096723
   39631.114583     11.6533333     12.1346553     10.6725863     13.6316673
   39631.125000     10.5666673     12.9284483     14.4516673     13.2775003
   39631.135417      5.5796673     10.0821793     10.9169173     10.8868973
   39631.145833     10.3702003     12.5466673     14.2656673     12.4708333
   39631.156250     12.4603333     14.7101673     15.8131673     14.1283333
   39631.166667     12.5880003     12.3610003     13.7890003     12.3493333
   39631.177083     11.8136673     11.5026673     11.4378333     10.0008333
   39631.187500     11.0296673     11.4651673     13.6876673     12.0130003
   39631.197917      8.9545673     10.4480363     12.8596673     12.9846673
   39631.208333      8.1792003      9.2684503     10.7517673     10.6546673
   39631.218750      7.8865003     10.1711673     12.0566673     10.6455003
   39631.229167      6.6908673      8.6193833     10.5147503     11.8831673
   39631.239583      7.9289333      9.3170833     10.8260003      9.8384333
   39631.250000      7.8045003      9.6189503     10.8281033      9.9239173
   39631.260417      7.4473333     10.2772503     13.7283333     12.1241673
   39631.270833      8.1505003     10.4166673     12.7158623     12.1966673
   39631.281250      8.6104333      9.9161173     13.0835003     13.0675863
   39631.291667      8.2466333     11.1270003     13.6766673     15.0443333
   39631.302083           9999           9999           9999           9999
   39631.312500     10.1068003     11.3825003     13.6768333     14.9341463
   39631.322917     11.0296673     12.2415003     13.2908333     12.4995003
   39631.333333     11.4191333     13.5086673     14.7261023     14.1262303
   39631.343750      8.6414673     11.5745003     14.7281673     13.7995003
   39631.354167     12.0086673     14.5716673     16.7273333     15.3378333
   39631.364583     11.2871673     12.5742003     15.9646673     16.0243333
   39631.375000      8.6318333     15.8170003     17.3478333     16.1101673
   39631.385417     11.0233333     14.7971673     16.9703333     16.1391673
   39631.395833     12.4933333     11.7717503     17.8756673     16.4916673
   39631.406250     14.9633333     16.8158333     18.0600003     16.4010003
   39631.416667     13.0083333     11.9500003     17.8858333     17.4041383
   39631.427083      9.5702003     11.6491673     18.2667243     17.0433333
   39631.437500      8.9402333     10.9796173     10.2375863     14.5878333
   39631.447917      5.7805003      8.6943333     12.1353003     12.1864503
   39631.458333     11.0745673     12.2801673     15.5485003     14.1863333
