cases/OP3/data/lanc-ptr-ms_bukit-atur_20080622.na
35 1001
Langford, Ben
Lancaster Environment Centre, Lancaster University, Lanncaster, LA1 4YQ; email b.langford1@lancaster.ac.uk
PTR-MS VMR and flux data (located at 75 m on GAW tower)
OP3
1 1
2008 06 22  2008 07 22
       0
time (days since 1900-01-01 00:00:00 UTC+ 8:00)
       8
1.  1.  1.  1.  1.  1.  1.  1.
9999.  9999.  9999.  9999.  9999.  9999.  9999.  9999.
Isoprene_volume_mixing_ratio (ppb)
Isoprene_flux (mg m h)
Flux_precision (mg m h)
Rejected_isoprene_fluxes (mg m h)
Monoterpene_volume_mixing_ratio (ppb)
Monoterpene_flux (mg m h)
Monoterpene_precision (mg m h)
Rejected_monoterpene_fluxes (mg m h)
       8
The data recorded in this file represent 25 min averages of the variables measured.
Rejected fluxes are for periods where friction velocities fell below 0.15 (m/s)
Please email Ben Langford (b.langford1@lancaster.ac.uk) prior to use.
site_name: Bukit Atur
country: Malaysia
longitude: 117.8441694
latitude: 4.98035
height_above_sea_level: 440 m
       5
 -------------------------------------------------------------------------------------------
This file uses the NASA Ames format developed in
S. E. Gaines and R. S. Hipskind, Format Specification for Data Exchange, Version 1.3, 1998.
 -------------------------------------------------------------------------------------------
t       ISO_VMR ISO_FLX ISO_ERR ISO_REJEMONO_VMRMONO_FLXMONO_ERRMONO_REJECT
[from data line 439]
39630.15   0.178    9999    9999    9999   0.097    9999    9999    9999
39630.17  -0.583   0.037   0.028    9999   0.023  -0.012   0.008    9999
39630.19  -0.384    9999    9999    9999    0.02    9999    9999    9999
39630.21    0.18    9999    9999    9999  -0.014    0.01   0.005    9999
39630.23   0.336  -0.103   0.046    9999  -0.007  -0.013   0.012    9999
39630.25   0.577    9999    9999   0.289   0.032    9999    9999   0.039
39630.27   0.532    9999    9999    9999   0.032  -0.032   0.026    9999
39630.29   0.389    9999    9999    9999   0.044    9999    9999    9999
39630.31   0.465  -0.246   0.199    9999   0.063    9999    9999    9999
39630.33   1.031    9999    9999    9999   0.057    9999    9999    9999
39630.35   0.844   0.398   0.145    9999   0.059   0.055   0.039    9999
39630.38   0.404    9999    9999    9999   0.092    9999    9999    9999
 39630.4   0.397   -0.32   0.288    9999   0.091  -0.164   0.071    9999
39630.42   2.375   4.292   0.781    9999   0.757   3.241   0.658    9999
39630.44    9999    9999    9999    9999   2.464    9999    9999    9999
39630.46    9999    9999    9999    9999    9999    9999    9999    9999
39630.48    9999    9999    9999    9999    9999    9999    9999    9999
 39630.5    9999    9999    9999    9999    9999    9999    9999    9999
39630.52    9999    9999    9999    9999    9999    9999    9999    9999
39630.54    9999    9999    9999    9999    9999    9999    9999    9999
39630.56    9999    9999    9999    9999    9999    9999    9999    9999
39630.58    9999    9999    9999    9999    9999    9999    9999    9999
 39630.6    9999    9999    9999    9999    9999    9999    9999    9999
39630.63    9999    9999    9999    9999    9999    9999    9999    9999
39630.65    9999    9999    9999    9999    9999    9999    9999    9999
39630.67    9999    9999    9999    9999    9999    9999    9999    9999
39630.69   0.416  -0.515   0.086    9999  -0.048    9999    9999    9999
39630.71   0.126    9999    9999    9999  -0.071   -0.01   0.009    9999
39630.73   0.079    9999    9999    9999  -0.093    9999    9999    9999
39630.75   0.081    9999    9999    9999  -0.087    9999    9999    9999
39630.77   0.163    9999    9999    9999  -0.087    9999    9999    9999
39630.79   0.214   0.079    0.05    9999    0.04   0.172   0.084    9999
39630.81   0.073    9999    9999   -0.08  -0.082    9999    9999  -0.035
39630.83   0.152    9999    9999   0.293  -0.097    9999    9999   0.077
39630.85   0.648    9999    9999    9999  -0.071    9999    9999    9999
39630.88   0.887    9999    9999    9999  -0.074    9999    9999    9999
 39630.9   0.937    9999    9999    9999   -0.06    9999    9999    9999
39630.92   0.847    9999    9999    9999   -0.07    9999    9999    9999
39630.94    0.77    9999    9999  -0.049  -0.076    9999    9999   0.013
39630.96   0.275    9999    9999    9999  -0.082  -0.017   0.007    9999
39630.98   0.327    9999    9999    9999  -0.079   0.045    0.02    9999
   39631   0.537   0.088   0.064    9999   0.068   0.068   0.031    9999
39631.02   0.619    9999    9999    9999   0.065   0.059   0.047    9999
39631.04    0.46    9999    9999    9999   0.105    9999    9999    9999
39631.06    0.46    9999    9999    9999   0.083   0.039   0.025    9999
39631.08   0.494  -0.101    0.06    9999   0.041    9999    9999    9999
 39631.1   0.436  -0.024   0.017    9999   0.056   0.023    0.01    9999
39631.13   0.365    9999    9999    9999  -0.046    9999    9999    9999
39631.15   0.315    0.04   0.013    9999  -0.061   -0.01   0.009    9999
39631.17   0.326   0.018   0.011    9999   0.001    0.01   0.007    9999
39631.19   0.297    9999    9999    9999   0.004    9999    9999    9999
39631.21   0.322    9999    9999    9999  -0.017    9999    9999    9999
39631.23   0.323    9999    9999    9999  -0.012    9999    9999    9999
39631.25   0.056    9999    9999    9999  -0.003    9999    9999    9999
39631.27   0.094  -0.015   0.008    9999  -0.004  -0.019   0.006    9999
39631.29   0.079    9999    9999    9999   0.044  -0.029   0.017    9999
39631.31   0.325    9999    9999    9999   0.451    9999    9999    9999
39631.33   0.345    9999    9999  -0.087  -0.071    9999    9999   0.033
39631.35   0.329    9999    9999    9999  -0.059    9999    9999    9999
39631.38   0.338    9999    9999    9999   0.042    9999    9999    9999
 39631.4   0.368   0.027   0.016    9999   0.037    9999    9999    9999
39631.42   0.759    9999    9999    0.15   0.158    9999    9999   0.089
39631.44   0.656    9999    9999   0.161   0.114    9999    9999   0.043
39631.46   1.717   1.119   0.147    9999   0.275   0.257   0.053    9999
39631.48   1.892    1.15    0.23    9999   0.329    0.59   0.058    9999
 39631.5   1.991   1.294   0.173    9999   0.315   0.441   0.071    9999
39631.52   1.909   1.986   0.192    9999   0.322   0.659    0.06    9999
39631.54   2.374   1.732   0.206    9999   0.337   0.474   0.137    9999
39631.56   2.251   1.138   0.211    9999   0.301   0.483   0.077    9999
39631.58   2.877   2.876   0.367    9999   0.314   0.856   0.107    9999
 39631.6   4.207    9999    9999   0.998   0.411    9999    9999   0.285
39631.63   4.718   1.161   0.233    9999   0.408   0.333   0.079    9999
39631.65   5.415   2.498   0.489    9999   0.425   0.569    0.12    9999
39631.67   4.933   0.889   0.272    9999   0.365   0.169   0.078    9999
39631.69   3.704    1.56   0.269    9999   0.378   0.216   0.053    9999
39631.71   2.174    9999    9999    9999   0.238    9999    9999    9999
39631.73   2.313  -0.421   0.134    9999   0.207    9999    9999    9999
39631.75   2.744    9999    9999    9999   0.161    9999    9999    9999
39631.77   1.637  -0.997   0.198    9999   0.133    9999    9999    9999
39631.79   1.993   0.187   0.145    9999   0.148   0.086   0.039    9999
39631.81   2.373   0.869    0.28    9999     0.1   0.063   0.046    9999
39631.83   2.204    9999    9999    9999   0.107    9999    9999    9999
39631.85   1.704    9999    9999    9999   0.107    9999    9999    9999
39631.88   1.775    9999    9999    9999   0.097   -0.04   0.022    9999
 39631.9   1.577  -0.056   0.042    9999   0.093    9999    9999    9999
39631.92   1.537    9999    9999   0.081    0.09    9999    9999   -0.04
39631.94   1.447    9999    9999    9999   0.105    9999    9999    9999
39631.96     1.3    9999    9999   0.173   0.095    9999    9999  -0.076
39631.98   1.391    9999    9999    9999   0.085    9999    9999    9999
   39632   0.744    9999    9999    9999   0.096    9999    9999    9999
39632.02   0.459    9999    9999    9999   0.096    9999    9999    9999
39632.04   0.474    9999    9999    9999   0.024    9999    9999    9999
39632.06     0.4  -0.082    0.08    9999  -0.001    9999    9999    9999
39632.08   0.299    9999    9999    9999   0.096    9999    9999    9999
 39632.1   0.308    9999    9999    9999   0.106    9999    9999    9999
39632.13   0.411    9999    9999  -0.025   0.102    9999    9999  -0.014
39632.15   0.386    9999    9999  -0.039   0.108    9999    9999  -0.026
39632.17   0.311    9999    9999  -0.012   0.041    9999    9999   -0.01
39632.19   0.242    9999    9999   0.079   0.035    9999    9999  -0.067
39632.21    0.37    9999    9999   0.077  -0.012    9999    9999   0.056
39632.23   0.344    9999    9999    9999  -0.013    9999    9999    9999
39632.25   0.395    9999    9999    9999   0.037    9999    9999    9999
39632.27   0.421    9999    9999    9999   0.037   0.018   0.013    9999
39632.29     0.3   0.054   0.021    9999   0.034    9999    9999    9999
39632.31   1.286    9999    9999    9999   0.209   0.089    0.04    9999
39632.33   0.502    9999    9999   0.422   0.152    9999    9999   0.104
39632.35   0.384   0.335     0.1    9999   0.123   0.137   0.046    9999
39632.38     0.5  -0.148   0.143    9999   0.069    9999    9999    9999
 39632.4   0.933   0.477    0.18    9999   0.148   0.091   0.075    9999
39632.42   1.881   3.213    0.28    9999   0.306   0.715    0.13    9999
39632.44   1.358   1.178   0.357    9999   0.195   0.392   0.193    9999
39632.46   1.294   2.029   0.247    9999   0.321   0.585   0.122    9999
39632.48   1.846   1.301   0.146    9999    0.42   0.324   0.085    9999
 39632.5   1.422    9999    9999   1.677   0.244    9999    9999   0.413
39632.52   1.396   2.286   0.271    9999   0.293   0.874   0.108    9999
39632.54   1.167   0.794   0.198    9999   0.283   0.333   0.087    9999
39632.56   1.279   0.287   0.248    9999   0.262    9999    9999    9999
39632.58   0.524   0.178   0.134    9999   0.123    9999    9999    9999
 39632.6   0.853    9999    9999   0.186   0.164    9999    9999   0.073
39632.63    0.61    9999    9999    9999   0.176    9999    9999    9999
39632.65   0.447    9999    9999    9999   0.143    9999    9999    9999
39632.67   0.506    9999    9999    9999   0.162    9999    9999    9999
39632.69   0.998     0.3   0.135    9999   0.218   0.057   0.044    9999
39632.71   0.743   0.164   0.081    9999   0.226    9999    9999    9999
39632.73   0.487    9999    9999  -0.069   0.141    9999    9999  -0.037
39632.75   0.651   0.067   0.027    9999   0.201   0.024   0.015    9999
39632.77    0.39    9999    9999  -0.104   0.135    9999    9999   0.061
39632.79   0.489    9999    9999  -0.166   0.161    9999    9999  -0.044
39632.81   0.606    9999    9999    9999   0.145    9999    9999    9999
39632.83   0.699    9999    9999    9999   0.222    9999    9999    9999
39632.85   0.328    9999    9999    9999    0.17    9999    9999    9999
39632.88   0.238    9999    9999    9999   0.178   0.073   0.045    9999
 39632.9   0.104   0.088   0.085    9999   0.115    9999    9999    9999
39632.92   0.214    9999    9999    9999   0.176    9999    9999    9999
39632.94   0.106    9999    9999    9999   0.136    9999    9999    9999
39632.96   0.197    9999    9999    9999   0.161    9999    9999    9999
39632.98   0.143    9999    9999   -0.12   0.104    9999    9999  -0.083
   39633    0.19    9999    9999    9999    0.14    9999    9999    9999
39633.02   0.059    9999    9999    9999   0.093    9999    9999    9999
39633.04   0.201    9999    9999    9999   0.161    9999    9999    9999
39633.06   0.227  -0.061    0.02    9999   0.135    9999    9999    9999
39633.08   0.327  -0.057   0.028    9999   0.151  -0.059   0.016    9999
 39633.1   0.215    9999    9999  -0.025   0.117    9999    9999  -0.017
39633.13   0.306   0.051   0.017    9999   0.137   0.016   0.009    9999
39633.15   0.113    9999    9999    9999   0.094    9999    9999    9999
39633.17   0.191    9999    9999    9999   0.138   0.024   0.017    9999
39633.19   0.091   0.066   0.047    9999   0.092    9999    9999    9999
39633.21   0.404  -0.153   0.143    9999   0.138    9999    9999    9999
39633.23   0.408    9999    9999    9999   0.108    9999    9999    9999
39633.25   0.554  -0.135   0.079    9999   0.157  -0.069   0.051    9999
39633.27   0.329    9999    9999    9999   0.109    9999    9999    9999
39633.29   0.421    9999    9999  -0.074   0.145    9999    9999   -0.05
39633.31   0.563   0.254   0.093    9999   0.139    9999    9999    9999
39633.33   0.906    9999    9999    9999   0.207    9999    9999    9999
39633.35   0.965    9999    9999    9999   0.212  -0.096   0.048    9999
39633.38    1.97   2.178   0.322    9999   0.411   0.787   0.128    9999
 39633.4   0.879   0.274   0.205    9999   0.192    9999    9999    9999
39633.42   0.885   0.558   0.272    9999   0.207   0.206    0.15    9999
39633.44     0.9    9999    9999    9999    0.22    9999    9999    9999
39633.46    1.33   1.578   0.337    9999   0.281   0.418   0.125    9999
39633.48   1.379    9999    9999   2.013   0.233    9999    9999    0.49
 39633.5   1.565   1.881   0.322    9999   0.308   0.416   0.131    9999
39633.52   1.992    4.18   0.594    9999   0.361   1.407   0.166    9999
39633.54   1.936    1.39   0.372    9999   0.333   0.411   0.165    9999
39633.56   1.929   2.906   0.558    9999   0.264   0.746   0.146    9999
39633.58    1.59   0.596   0.489    9999   0.252    9999    9999    9999
 39633.6   3.216   2.847   0.513    9999   0.355   0.469   0.118    9999
39633.63   2.517    9999    9999    9999   0.383  -0.295   0.134    9999
39633.65       2  -0.245   0.169    9999   0.206  -0.095   0.046    9999
39633.67   2.989    9999    9999    9999   0.377   0.137   0.058    9999
39633.69   1.705  -0.241   0.082    9999   0.207   -0.08   0.035    9999
39633.71   1.292    9999    9999   0.129   0.224    9999    9999   0.158
39633.73   1.143    9999    9999    9999     0.2    9999    9999    9999
39633.75   1.659    9999    9999    9999   0.243    9999    9999    9999
39633.77   1.842    9999    9999  -0.316   0.239    9999    9999    -0.1
39633.79   1.769    9999    9999  -0.111   0.253    9999    9999  -0.083
39633.81    1.43    9999    9999    9999   0.189    9999    9999    9999
39633.83   1.833   0.056   0.049    9999   0.241    9999    9999    9999
39633.85   2.509    9999    9999  -0.048   0.182    9999    9999  -0.012
39633.88   2.222  -0.038   0.022    9999   0.223  -0.014    0.01    9999
 39633.9    1.49  -0.132   0.059    9999   0.187   0.035   0.016    9999
39633.92    1.57    9999    9999    9999   0.216   0.121   0.053    9999
39633.94   1.378    9999    9999    9999   0.141    9999    9999    9999
39633.96   0.905   -0.13   0.105    9999   0.163   -0.13    0.07    9999
39633.98   0.957    9999    9999   0.023   0.151    9999    9999   0.016
   39634   0.819  -0.119   0.011    9999   0.182   -0.09   0.008    9999
39634.02   0.504    9999    9999    9999   0.143    9999    9999    9999
39634.04   0.514    9999    9999    9999    0.15    9999    9999    9999
39634.06   0.432    9999    9999    9999   0.129   0.026   0.019    9999
39634.08   0.411    9999    9999    9999   0.132    9999    9999    9999
 39634.1   0.395    9999    9999    9999   0.114    9999    9999    9999
39634.13   0.522  -0.151   0.136    9999   0.161    9999    9999    9999
39634.15   0.375   0.105   0.039    9999   0.121   0.046   0.018    9999
39634.17   0.495    9999    9999  -0.082   0.185    9999    9999   0.059
39634.19   0.347    9999    9999    9999    0.11    9999    9999    9999
39634.21   0.529    9999    9999    9999   0.194   0.056   0.037    9999
39634.23   0.309    9999    9999    9999   0.135    9999    9999    9999
39634.25   0.522  -0.135   0.097    9999   0.206    9999    9999    9999
39634.27   0.355    9999    9999    9999   0.144    9999    9999    9999
39634.29   0.641    0.24   0.094    9999    0.21   0.117   0.072    9999
39634.31   0.531    9999    9999    9999   0.152    9999    9999    9999
39634.33   0.764    9999    9999    9999   0.233    9999    9999    9999
39634.35   0.624   0.307   0.092    9999   0.173    0.07   0.061    9999
39634.38   0.794   0.139    0.07    9999   0.247   0.094   0.039    9999
 39634.4   1.375   0.282   0.075    9999   0.289    9999    9999    9999
39634.42   1.007   0.656   0.178    9999   0.285   0.244    0.08    9999
39634.44   0.712   0.309   0.089    9999   0.187   0.066   0.042    9999
39634.46   0.911   0.388   0.069    9999   0.253   0.159   0.049    9999
39634.48   1.058    0.45   0.056    9999   0.233   0.164   0.026    9999
 39634.5   1.566   0.221   0.101    9999    0.31   0.063   0.036    9999
39634.52    1.62     0.2   0.067    9999   0.307    9999    9999    9999
39634.54   2.073   1.164   0.195    9999   0.439   0.121   0.036    9999
39634.56   2.043  -0.148   0.109    9999   0.442  -0.065   0.044    9999
39634.58   2.746   -0.31   0.142    9999   0.353  -0.081   0.056    9999
 39634.6   2.631   1.207   0.154    9999   0.416    0.42   0.084    9999
39634.63   2.764   0.858   0.172    9999   0.317   0.273   0.075    9999
39634.65   2.579   0.551   0.227    9999   0.268   0.111   0.083    9999
39634.67    2.65   0.404   0.138    9999   0.352    9999    9999    9999
