cases/OP3/data/lanc-ptr-ms_bukit-atur_20080622.na
35 1001
Langford, Ben
Lancaster Environment Centre, Lancaster University, Lanncaster, LA1 4YQ; email b.langford1@lancaster.ac.uk
PTR-MS VMR and flux data (located at 75 m on GAW tower)
OP3
1 1
2008 06 22  2008 07 22
       0
time (days since 1900-01-01 00:00:00 UTC+ 8:00)
       8
1.  1.  1.  1.  1.  1.  1.  1.
9999.  9999.  9999.  9999.  9999.  9999.  9999.  9999.
Isoprene_volume_mixing_ratio (ppb)
Isoprene_flux (mg m h)
Flux_precision (mg m h)
Rejected_isoprene_fluxes (mg m h)
Monoterpene_volume_mixing_ratio (ppb)
Monoterpene_flux (mg m h)
Monoterpene_precision (mg m h)
Rejected_monoterpene_fluxes (mg m h)
       8
The data recorded in this file represent 25 min averages of the variables measured.
Rejected fluxes are for periods where friction velocities fell below 0.15 (m/s)
Please email Ben Langford (b.langford1@lancaster.ac.uk) prior to use.
site_name: Bukit Atur
country: Malaysia
longitude: 117.8441694
latitude: 4.98035
height_above_sea_level: 440 m
       5
 -------------------------------------------------------------------------------------------
This file uses the NASA Ames format developed in
S. E. Gaines and R. S. Hipskind, Format Specification for Data Exchange, Version 1.3, 1998.
 -------------------------------------------------------------------------------------------
t       ISO_VMR ISO_FLX ISO_ERR ISO_REJEMONO_VMRMONO_FLXMONO_ERRMONO_REJECT
[from data line 658]
39634.71   2.294    9999    9999    9999   0.129    9999    9999    9999
39634.73   2.082    9999    9999   0.158   0.083    9999    9999   0.064
39634.75   1.912    9999    9999    9999   0.074    9999    9999    9999
39634.77   1.606   0.168   0.163    9999    0.05    9999    9999    9999
39634.79   1.464   0.284   0.177    9999   0.104    9999    9999    9999
39634.81   0.878   0.376   0.171    9999   0.088    9999    9999    9999
39634.83   0.402    9999    9999    9999  -0.016    9999    9999    9999
39634.85   0.395    9999    9999   0.151  -0.008    9999    9999  -0.094
39634.88    0.19    9999    9999    9999   0.132    9999    9999    9999
 39634.9    0.23    9999    9999    9999   0.134    9999    9999    9999
39634.92   0.278    9999    9999    9999   0.074    9999    9999    9999
39634.94   0.375    9999    9999    9999   0.068    9999    9999    9999
39634.96   0.414   0.135   0.131    9999    0.12   0.069   0.055    9999
39634.98   0.299    9999    9999   0.082   0.114    9999    9999  -0.076
   39635   0.203    9999    9999    9999   0.045    9999    9999    9999
39635.02   0.156    9999    9999    9999   0.043    9999    9999    9999
39635.04  -0.131    9999    9999    9999   0.108    9999    9999    9999
39635.06   -0.11    9999    9999    9999   0.109    9999    9999    9999
39635.08   0.117    9999    9999    9999   0.079    9999    9999    9999
 39635.1   0.116    9999    9999    9999   0.074    9999    9999    9999
39635.13   0.371    9999    9999    9999   0.005    9999    9999    9999
39635.15   0.319   0.055   0.054    9999  -0.003    9999    9999    9999
39635.17   0.307    9999    9999    9999   0.089    9999    9999    9999
39635.19   0.335    9999    9999    9999   0.085   0.062   0.041    9999
39635.21   0.269  -0.144    0.11    9999   0.073    9999    9999    9999
39635.23   0.319    9999    9999    9999   0.071    9999    9999    9999
39635.25    0.25    9999    9999    9999   0.054    9999    9999    9999
39635.27   0.258    9999    9999  -0.085   0.068    9999    9999   0.041
39635.29   0.305    9999    9999  -0.082   0.044    9999    9999  -0.055
39635.31     0.3    9999    9999    9999   0.061    9999    9999    9999
39635.33    0.22    9999    9999    9999   0.067    9999    9999    9999
39635.35   0.242   0.048   0.032    9999   0.078    9999    9999    9999
39635.38    1.26   0.314   0.106    9999   0.258   0.087   0.049    9999
 39635.4   0.782   1.746   0.114    9999   0.115   0.214   0.027    9999
39635.42   4.833    9999    9999    9999   0.579  -0.097   0.069    9999
39635.44   3.237   1.326   0.193    9999   0.524   0.424    0.08    9999
39635.46   3.473   5.044   0.311    9999   0.583   1.021   0.084    9999
39635.48   4.043   2.245    0.33    9999   0.734     0.5   0.092    9999
 39635.5   4.196  -0.534   0.253    9999   0.683  -0.165    0.08    9999
39635.52   3.237   2.874   0.362    9999   0.524   0.313   0.162    9999
39635.54   4.631   4.092   0.308    9999   0.738   0.527   0.163    9999
39635.56   4.707   1.971   0.597    9999    0.67   0.208   0.136    9999
39635.58   2.412    9999    9999    9999   0.219  -0.297   0.123    9999
 39635.6   1.816   0.198   0.115    9999   0.197   0.062   0.026    9999
39635.63   2.871   1.358   0.292    9999   0.285   0.126   0.079    9999
39635.65   0.913  -0.112   0.101    9999   0.092    9999    9999    9999
39635.67   1.052  -0.118    0.07    9999   0.134    9999    9999    9999
39635.69   1.823  -0.769   0.234    9999   0.127    9999    9999    9999
39635.71   3.109  -0.268   0.259    9999   0.121    9999    9999    9999
39635.73   2.627   0.233   0.141    9999   0.099    9999    9999    9999
39635.75   2.198  -0.251   0.248    9999   0.147    9999    9999    9999
39635.77   1.932    9999    9999    9999   0.143    9999    9999    9999
39635.79   1.827  -0.415   0.371    9999    0.16    9999    9999    9999
39635.81   2.196    9999    9999    9999   0.133   0.068   0.058    9999
39635.83   2.116    -0.1   0.058    9999   0.105    9999    9999    9999
39635.85   2.131    9999    9999   0.074   0.094    9999    9999  -0.033
39635.88   2.144   -0.24   0.114    9999   0.047    9999    9999    9999
 39635.9   1.712    9999    9999    9999   0.031    9999    9999    9999
39635.92   1.104  -0.317   0.217    9999   0.045    9999    9999    9999
39635.94   0.489    9999    9999    9999   0.027    9999    9999    9999
39635.96   0.094    9999    9999    9999   0.022    9999    9999    9999
39635.98   0.022    9999    9999    9999   0.029    9999    9999    9999
   39636  -0.021    9999    9999    9999   0.012    9999    9999    9999
39636.02   0.033    9999    9999    9999   0.014    9999    9999    9999
39636.04   0.494  -0.087   0.069    9999   0.071    9999    9999    9999
39636.06   0.572    9999    9999    9999   0.076  -0.041    0.03    9999
39636.08   0.552    9999    9999    9999   0.041    9999    9999    9999
 39636.1   0.378    9999    9999  -0.084   0.036    9999    9999   0.045
39636.13   0.327    9999    9999   0.083    0.03    9999    9999  -0.047
39636.15   0.186    9999    9999   0.113   0.041    9999    9999   0.077
39636.17   0.318    9999    9999    9999  -0.009    9999    9999    9999
39636.19   0.417    9999    9999    9999  -0.006    9999    9999    9999
39636.21   0.452   -0.16    0.11    9999   0.014    9999    9999    9999
39636.23    0.51    9999    9999    9999   0.017    9999    9999    9999
39636.25   0.357    9999    9999    9999   0.082    9999    9999    9999
39636.27   0.383    9999    9999    9999   0.086    9999    9999    9999
39636.29   0.396    9999    9999   0.173   0.081    9999    9999   0.045
39636.31   1.906   3.172   0.196    9999   0.289   0.599   0.078    9999
39636.33   1.268   1.431   0.246    9999   0.083   0.379   0.085    9999
39636.35   1.004   0.803   0.261    9999   0.081   0.129   0.091    9999
39636.38   2.299   2.859   0.433    9999   0.315   0.638   0.135    9999
 39636.4   2.458   2.339   0.408    9999   0.312   0.798   0.139    9999
39636.42   2.134   3.771   0.581    9999    0.33   0.886   0.154    9999
39636.44   1.958   3.308   0.633    9999   0.292   0.799   0.195    9999
39636.46   1.484   1.574   0.353    9999   0.208   0.416   0.151    9999
39636.48   2.555   2.392   0.565    9999   0.318   0.458   0.145    9999
 39636.5   2.167   1.149   0.538    9999   0.223   0.309   0.198    9999
39636.52   2.811   2.144   0.396    9999   0.263   0.406     0.1    9999
39636.54   3.122   2.167   0.438    9999   0.286   0.425   0.102    9999
39636.56   3.399   3.424   0.525    9999   0.365   0.811   0.141    9999
39636.58   3.733   0.775   0.661    9999   0.392    9999    9999    9999
 39636.6   2.981    9999    9999    9999   0.305    9999    9999    9999
39636.63   2.933   0.642   0.289    9999   0.219    9999    9999    9999
39636.65   2.465    9999    9999    9999   0.141    9999    9999    9999
39636.67     1.8    9999    9999    9999   0.021    9999    9999    9999
39636.69   1.408    9999    9999    9999   0.041   0.136   0.105    9999
39636.71   1.595    9999    9999    9999   0.057   0.128   0.092    9999
39636.73   1.641    9999    9999    9999   0.059    9999    9999    9999
39636.75   1.625   0.303   0.271    9999   0.059    9999    9999    9999
39636.77   1.489    9999    9999    9999   0.041    9999    9999    9999
39636.79   0.718    9999    9999    9999   0.091    9999    9999    9999
39636.81   0.922    9999    9999    9999   0.107    9999    9999    9999
39636.83   1.217    9999    9999    9999   0.057    9999    9999    9999
39636.85   0.866    9999    9999    9999   0.055    9999    9999    9999
39636.88    0.49    9999    9999    9999   0.031   0.071   0.056    9999
 39636.9   0.224    9999    9999    9999   0.029    9999    9999    9999
39636.92   0.276    9999    9999    9999   0.035    9999    9999    9999
39636.94   0.264    9999    9999    9999    0.03    9999    9999    9999
39636.96   0.229    9999    9999    9999    0.09    9999    9999    9999
39636.98    0.21   0.119   0.081    9999   0.084    9999    9999    9999
   39637   0.302    9999    9999    9999    0.03    9999    9999    9999
39637.02   0.314    9999    9999    9999   0.034    9999    9999    9999
39637.04   0.238    9999    9999    9999   0.014    9999    9999    9999
39637.06   0.364    9999    9999    9999   0.021    9999    9999    9999
39637.08   0.476    9999    9999    9999   0.062    9999    9999    9999
 39637.1   0.438    9999    9999  -0.173   0.066    9999    9999  -0.128
39637.13   0.243    9999    9999    9999   0.023    9999    9999    9999
39637.15   0.193    9999    9999   0.215   0.019    9999    9999   0.129
39637.17   0.143    9999    9999    9999   0.119    9999    9999    9999
39637.19   0.123  -0.151   0.103    9999   0.119  -0.059   0.053    9999
39637.21   0.151    9999    9999    9999  -0.078    9999    9999    9999
39637.23   0.172    9999    9999    9999  -0.075    9999    9999    9999
39637.25    0.22    9999    9999    9999   0.036    9999    9999    9999
39637.27   0.222    9999    9999   -0.15    0.04    9999    9999   0.074
39637.29   0.286    9999    9999   0.196  -0.034    9999    9999   0.093
39637.31   1.101   2.014    0.27    9999   0.064   0.484   0.089    9999
39637.33   0.945    0.95   0.146    9999   0.217   0.322   0.054    9999
39637.35   2.108    9999    9999    9999   0.328  -0.229   0.038    9999
39637.38   2.286    0.62   0.228    9999   0.215    -0.3   0.072    9999
 39637.4   2.228   2.797   0.277    9999   0.225   0.524   0.078    9999
39637.42   1.547   1.637   0.409    9999   0.233   0.779   0.096    9999
39637.44   2.329   4.379   0.603    9999    0.26   1.251   0.142    9999
39637.46   2.245   3.843   0.392    9999   0.325    0.85   0.124    9999
39637.48   2.208   2.066   0.601    9999   0.312    0.54   0.184    9999
 39637.5   2.047   4.452   0.665    9999   0.217   0.756   0.201    9999
39637.52   2.504   2.683   0.432    9999   0.308   0.741   0.105    9999
39637.54   2.644   2.782   0.882    9999     0.3   0.549   0.159    9999
39637.56   3.998     3.1   0.544    9999    0.37   0.574    0.17    9999
39637.58   1.852   1.616   0.704    9999   0.169   0.201   0.168    9999
 39637.6   0.945   0.411   0.229    9999   0.158    9999    9999    9999
39637.63   2.396   0.727   0.319    9999   0.314   0.269   0.097    9999
39637.65   2.462   0.591   0.256    9999   0.275   0.271   0.076    9999
39637.67   2.898    9999    9999    9999   0.317   0.049   0.027    9999
39637.69   2.707    0.19   0.146    9999    0.27   0.044   0.033    9999
39637.71   1.985   0.488   0.082    9999   0.195   0.087    0.03    9999
39637.73   2.252   0.497   0.352    9999   0.097   0.108   0.094    9999
39637.75   1.728   0.177   0.097    9999   0.074  -0.038   0.037    9999
39637.77   1.541    9999    9999    9999   0.076    9999    9999    9999
39637.79   1.407   0.256   0.162    9999   0.056    9999    9999    9999
39637.81   1.341    9999    9999    9999   0.059    9999    9999    9999
39637.83   2.036    9999    9999    9999   0.094    9999    9999    9999
39637.85   2.253    9999    9999    9999   0.112    9999    9999    9999
39637.88   2.196    9999    9999    9999   0.074    9999    9999    9999
 39637.9   1.884    9999    9999    9999   0.081    9999    9999    9999
39637.92   1.364   0.272   0.108    9999   0.089    9999    9999    9999
39637.94   0.968    9999    9999    9999   0.077    9999    9999    9999
39637.96   0.553    9999    9999    9999   0.071    9999    9999    9999
39637.98   0.392    9999    9999   0.153   0.063    9999    9999  -0.079
   39638   0.057    9999    9999   0.149   0.027    9999    9999   -0.06
39638.02   0.027    9999    9999    9999    0.03    9999    9999    9999
39638.04   0.166    9999    9999    9999  -0.012    9999    9999    9999
39638.06   0.161    9999    9999    9999  -0.008  -0.062   0.039    9999
39638.08   0.029    9999    9999    9999  -0.007   0.048   0.039    9999
 39638.1   0.026    9999    9999    9999  -0.012    9999    9999    9999
39638.13   0.209    9999    9999   0.069   0.059    9999    9999   0.034
39638.15   0.231    9999    9999    9999    0.06  -0.024   0.017    9999
39638.17   0.042    9999    9999  -0.049   0.035    9999    9999  -0.021
39638.19   0.008   0.049   0.017    9999   0.035  -0.026   0.011    9999
39638.21   0.267    9999    9999    9999   0.042   0.062   0.013    9999
39638.23   0.231  -0.028   0.022    9999   0.048  -0.018   0.014    9999
39638.25   0.183  -0.057   0.029    9999   0.052  -0.023   0.012    9999
39638.27   0.201   0.025    0.02    9999   0.064  -0.036   0.014    9999
39638.29   0.184    9999    9999   0.019   0.054    9999    9999  -0.017
39638.31   0.191    9999    9999   0.032    0.07    9999    9999   -0.03
39638.33   0.193    9999    9999   0.028   0.073    9999    9999   0.034
39638.35   1.623   1.989   0.166    9999   0.272   0.256   0.077    9999
39638.38   1.805   4.013   0.262    9999   0.206   0.929   0.085    9999
 39638.4   2.012   4.181   0.161    9999   0.254   0.788   0.081    9999
39638.42   2.386   3.207   0.382    9999    0.32   0.597   0.076    9999
39638.44    1.96   2.112   0.346    9999   0.307   0.543   0.098    9999
39638.46   2.315     1.7   0.367    9999    0.25   0.354   0.101    9999
39638.48   1.572    1.71   0.402    9999   0.183   0.508   0.129    9999
 39638.5   2.574   3.507   0.613    9999   0.267   0.919   0.178    9999
39638.52   1.895   0.759   0.408    9999   0.206    9999    9999    9999
39638.54   2.486    1.55   0.582    9999   0.329   0.204   0.166    9999
39638.56   2.527   2.209   0.479    9999   0.345   0.493   0.168    9999
39638.58   2.732   2.058   0.586    9999   0.283   0.402   0.222    9999
 39638.6   2.625   2.197   0.645    9999   0.237   0.582   0.192    9999
39638.63   4.269   1.903   0.437    9999   0.339   0.266   0.158    9999
39638.65   2.585   2.791   0.569    9999    0.22   0.638    0.14    9999
39638.67   1.736    9999    9999    9999    0.14    9999    9999    9999
39638.69   2.558   0.333   0.256    9999   0.255   0.118   0.091    9999
39638.71   3.569    9999    9999    9999   0.157    9999    9999    9999
39638.73   4.816    9999    9999    9999    0.15    9999    9999    9999
39638.75   4.248    9999    9999    9999    0.06    9999    9999    9999
39638.77     4.2    9999    9999    9999   0.046    9999    9999    9999
39638.79   3.876    9999    9999  -0.176   0.064    9999    9999  -0.073
39638.81   2.788    9999    9999    9999   0.024    9999    9999    9999
39638.83   1.999    9999    9999    9999    0.11    9999    9999    9999
39638.85   1.615    9999    9999    0.32   0.105    9999    9999   -0.08
39638.88   1.429    9999    9999  -0.188       0    9999    9999   0.042
 39638.9   1.715   0.131   0.103    9999   0.016    9999    9999    9999
39638.92   2.048    9999    9999  -0.095   0.083    9999    9999  -0.018
39638.94   1.994    9999    9999    9999   0.091    9999    9999    9999
39638.96   1.559    9999    9999  -0.083   0.048    9999    9999   0.024
39638.98   1.618    9999    9999  -0.073   0.053    9999    9999   0.027
   39639    1.36    9999    9999  -0.074   0.083    9999    9999  -0.029
39639.02   1.271    9999    9999  -0.101   0.083    9999    9999  -0.027
39639.04   0.895    9999    9999  -0.219   0.059    9999    9999   0.091
39639.06   0.753    9999    9999    9999   0.053    9999    9999    9999
39639.08    0.68    9999    9999   0.049   0.058    9999    9999   0.033
 39639.1   0.471    9999    9999    9999   0.062    9999    9999    9999
39639.13   0.123    9999    9999    9999    0.01    9999    9999    9999
39639.15   0.074    9999    9999   -0.09   0.008    9999    9999  -0.069
39639.17   0.214    9999    9999  -0.063  -0.038    9999    9999   0.037
39639.19   0.176    9999    9999   -0.06  -0.035    9999    9999   0.045
39639.21   0.169    9999    9999    9999   0.037    9999    9999    9999
39639.23   0.176    9999    9999  -0.041   0.041    9999    9999  -0.027
