cases/OP3/data/lanc-ptr-ms_bukit-atur_20080622.na
35 1001
Langford, Ben
Lancaster Environment Centre, Lancaster University, Lanncaster, LA1 4YQ; email b.langford1@lancaster.ac.uk
PTR-MS VMR and flux data (located at 75 m on GAW tower)
OP3
1 1
2008 06 22  2008 07 22
       0
time (days since 1900-01-01 00:00:00 UTC+ 8:00)
       8
1.  1.  1.  1.  1.  1.  1.  1.
9999.  9999.  9999.  9999.  9999.  9999.  9999.  9999.
Isoprene_volume_mixing_ratio (ppb)
Isoprene_flux (mg m h)
Flux_precision (mg m h)
Rejected_isoprene_fluxes (mg m h)
Monoterpene_volume_mixing_ratio (ppb)
Monoterpene_flux (mg m h)
Monoterpene_precision (mg m h)
Rejected_monoterpene_fluxes (mg m h)
       8
The data recorded in this file represent 25 min averages of the variables measured.
Rejected fluxes are for periods where friction velocities fell below 0.15 (m/s)
Please email Ben Langford (b.langford1@lancaster.ac.uk) prior to use.
site_name: Bukit Atur
country: Malaysia
longitude: 117.8441694
latitude: 4.98035
height_above_sea_level: 440 m
       5
 -------------------------------------------------------------------------------------------
This file uses the NASA Ames format developed in
S. E. Gaines and R. S. Hipskind, Format Specification for Data Exchange, Version 1.3, 1998.
 -------------------------------------------------------------------------------------------
t       ISO_VMR ISO_FLX ISO_ERR ISO_REJEMONO_VMRMONO_FLXMONO_ERRMONO_REJECT
[from data line 1316]
39648.42   1.685   1.585   0.445    9999   0.507   0.286   0.201    9999
39648.44   2.864   1.561   0.978    9999   0.675   1.102   0.292    9999
39648.46   2.465   6.478   0.519    9999   0.456   1.043   0.172    9999
39648.48   1.384    9999    9999    9999   0.317   0.267   0.086    9999
 39648.5   2.127   0.581   0.283    9999   0.449  -0.336   0.235    9999
39648.52   1.612    9999    9999    9999   0.353    0.45   0.387    9999
39648.54  -0.017    9999    9999    9999   0.234    9999    9999    9999
39648.56   0.388   2.207   0.386    9999   0.303   0.703   0.144    9999
39648.58   1.252    9999    9999    9999   0.068    9999    9999    9999
 39648.6   1.209    9999    9999    9999   0.027    9999    9999    9999
39648.63   1.053  -0.706   0.674    9999    0.07    9999    9999    9999
39648.65   1.707    9999    9999    9999   0.114    9999    9999    9999
39648.67   1.676   0.509   0.157    9999   0.165   0.067   0.056    9999
39648.69   1.153    9999    9999   0.501   0.239    9999    9999  -0.125
39648.71   1.295    9999    9999    9999   0.104   0.069   0.059    9999
39648.73   0.976   0.132   0.116    9999   0.065  -0.048   0.031    9999
39648.75   1.256    9999    9999    9999   0.075    9999    9999    9999
39648.77   1.223    9999    9999    9999    0.07    9999    9999    9999
39648.79   0.932    9999    9999    9999    0.16    9999    9999    9999
39648.81   0.722    9999    9999   0.424   0.132    9999    9999   0.135
39648.83    0.57    9999    9999    9999    0.01    9999    9999    9999
39648.85   0.436    9999    9999    9999   0.008    9999    9999    9999
39648.88   0.126    9999    9999   0.372   0.092    9999    9999   0.116
 39648.9   0.206   0.257   0.188    9999   0.123    9999    9999    9999
39648.92   0.243    9999    9999    9999   0.125    9999    9999    9999
39648.94   0.264    9999    9999    9999   0.118    9999    9999    9999
39648.96   0.499    9999    9999    9999   0.101    9999    9999    9999
39648.98   0.496    9999    9999    9999    0.11    9999    9999    9999
   39649    0.13  -0.082   0.054    9999   0.106    9999    9999    9999
39649.02   0.271    9999    9999  -0.209   0.118    9999    9999   0.083
39649.04   0.236    9999    9999    9999   0.025    9999    9999    9999
39649.06    0.09    9999    9999  -0.156   0.012    9999    9999   0.054
39649.08   0.157    9999    9999    9999   0.029    9999    9999    9999
 39649.1   0.274   0.178   0.081    9999   0.026    9999    9999    9999
39649.13   0.395    9999    9999    9999   0.222    9999    9999    9999
39649.15     0.4   0.155   0.121    9999    0.19    9999    9999    9999
39649.17   0.494   0.077   0.041    9999  -0.101  -0.022   0.013    9999
39649.19   0.621    9999    9999  -0.089   -0.09    9999    9999   0.029
39649.21   0.929    9999    9999   0.091       0    9999    9999  -0.032
39649.23   0.486    9999    9999   0.075   0.025    9999    9999  -0.018
39649.25   0.545    9999    9999    0.06   0.032    9999    9999   -0.01
39649.27   0.681    9999    9999  -0.234   0.065    9999    9999   0.052
39649.29   0.478    9999    9999    9999   0.021    9999    9999    9999
39649.31   0.474    9999    9999    9999       0    9999    9999    9999
39649.33   0.817    9999    9999    9999    0.05    9999    9999    9999
39649.35   0.837    9999    9999    9999   0.058    9999    9999    9999
39649.38   1.353   2.303    0.11    9999   0.325   1.218   0.031    9999
 39649.4   1.281   2.424   0.206    9999   0.391   1.013    0.14    9999
39649.42   1.813   0.498   0.218    9999   0.479    9999    9999    9999
39649.44   2.895   2.957   0.474    9999   0.707   2.068   0.179    9999
39649.46   4.155    9999    9999    9999   0.972   0.452   0.163    9999
39649.48   3.318   0.742    0.39    9999   0.475   0.738   0.142    9999
 39649.5   2.455  -0.484    0.45    9999   0.196   0.167   0.136    9999
39649.52   0.914   1.755   0.821    9999   0.055   0.403   0.198    9999
39649.54   5.835    9999    9999    9999   0.126  -0.184   0.081    9999
39649.56   4.936   2.925   1.209    9999   0.272   0.551   0.156    9999
39649.58   5.957  -0.934   0.679    9999   0.324   0.426   0.265    9999
 39649.6    7.19   1.787   0.505    9999   0.624    0.32   0.122    9999
39649.63   6.831   0.982   0.344    9999   0.339   0.175   0.069    9999
39649.65   6.457    9999    9999    9999   0.494   0.659   0.114    9999
39649.67   2.236  -0.603   0.377    9999   0.339    9999    9999    9999
39649.69   1.529    9999    9999    9999   0.145  -0.185    0.12    9999
39649.71    9999    9999    9999    9999   0.062   0.197   0.187    9999
39649.73   1.161    9999    9999    9999   0.036    9999    9999    9999
39649.75   1.266   0.336   0.256    9999   0.097    9999    9999    9999
39649.77   1.437    9999    9999    9999   0.116    9999    9999    9999
39649.79   1.986    9999    9999    9999   0.082    9999    9999    9999
39649.81   2.084  -0.222   0.169    9999   0.106   0.047   0.021    9999
39649.83   1.257    9999    9999    9999   0.071    9999    9999    9999
39649.85   1.066    9999    9999   0.328   0.069    9999    9999  -0.138
39649.88    1.49    9999    9999    9999   0.079   0.104   0.062    9999
 39649.9   0.848   0.185   0.181    9999   0.057   0.103   0.063    9999
39649.92   0.639    9999    9999    9999   0.049   0.039   0.034    9999
39649.94   0.577    9999    9999    9999   0.037    9999    9999    9999
39649.96    0.31  -0.093   0.043    9999    0.07   0.022    0.01    9999
39649.98   0.114    9999    9999   0.085   0.069    9999    9999   0.018
   39650   0.063    9999    9999  -0.066   0.041    9999    9999   0.015
39650.02   0.083    9999    9999  -0.196   0.052    9999    9999  -0.057
39650.04   0.395   0.097   0.045    9999   0.071  -0.037    0.02    9999
39650.06   0.569    9999    9999  -0.122   0.087    9999    9999   0.026
39650.08   0.129  -0.021   0.017    9999   0.019  -0.016   0.008    9999
 39650.1   0.196    9999    9999    9999   0.022    0.02    0.01    9999
39650.13   0.051    9999    9999   0.036   0.015    9999    9999  -0.029
39650.15   0.016    9999    9999    9999   0.055   0.015   0.008    9999
39650.17   -0.38   0.075   0.051    9999   0.082  -0.031   0.016    9999
39650.19  -0.382  -0.122   0.074    9999   0.075    9999    9999    9999
39650.21   0.139   0.075   0.038    9999   0.087   0.037    0.01    9999
39650.23   0.015    9999    9999  -0.046   0.071    9999    9999  -0.021
39650.25   0.014    9999    9999    9999   0.009   -0.08   0.033    9999
39650.27   0.107    9999    9999  -0.181   0.016    9999    9999  -0.039
39650.29   0.086    9999    9999   0.059   0.173    9999    9999  -0.021
39650.31  -0.007    0.12    0.05    9999   0.169    9999    9999    9999
39650.33   0.547    9999    9999  -0.093   0.015    9999    9999   0.036
39650.35   1.186    0.26   0.174    9999   0.183   0.093    0.05    9999
39650.38   2.303   1.042   0.289    9999   0.467   0.461     0.1    9999
 39650.4   2.429    0.26    0.26    9999   0.531   0.234   0.074    9999
39650.42   1.386   0.885   0.388    9999   0.435   0.459   0.105    9999
39650.44   2.184    9999    9999    9999   0.551   2.746   0.264    9999
39650.46   3.123   4.093   0.303    9999   0.839   1.081   0.121    9999
39650.48   3.879   4.079    0.43    9999   0.879   1.398   0.167    9999
 39650.5   2.306    9999    9999    9999   0.813   0.787    0.18    9999
39650.52   0.702   1.512   0.644    9999    0.25   0.549   0.241    9999
39650.54   0.569    9999    9999    9999    0.06    9999    9999    9999
39650.56    0.59   0.477   0.191    9999   0.135   0.193   0.058    9999
39650.58   0.447   0.247   0.157    9999   0.102    0.05    0.05    9999
 39650.6   0.471   0.323   0.216    9999   0.052   0.122    0.06    9999
39650.63   0.557    9999    9999    9999   0.135    9999    9999    9999
39650.65   0.671  -0.617   0.269    9999   0.117    9999    9999    9999
39650.67   0.726    9999    9999    9999   0.194    9999    9999    9999
39650.69   0.603    9999    9999    9999   0.172    9999    9999    9999
39650.71   0.677    9999    9999  -0.481   0.197    9999    9999   0.212
39650.73   0.987    9999    9999    9999   0.211    9999    9999    9999
39650.75   1.126    9999    9999    9999   0.222    9999    9999    9999
39650.77   0.883    9999    9999    9999   0.253    9999    9999    9999
39650.79   0.869    9999    9999    9999   0.201    9999    9999    9999
39650.81   0.686    9999    9999    9999   0.219    9999    9999    9999
39650.83   0.642    9999    9999    9999    0.11    9999    9999    9999
39650.85   0.599    9999    9999    9999   0.128    9999    9999    9999
39650.88   -0.17   0.109   0.103    9999   0.115    9999    9999    9999
 39650.9   -0.21    9999    9999    9999   0.077   0.042   0.028    9999
39650.92   2.429    9999    9999    9999   1.213    9999    9999    9999
39650.94   1.254   0.127   0.109    9999   0.558    9999    9999    9999
39650.96   0.851   0.074   0.037    9999   0.299    9999    9999    9999
39650.98   0.784    9999    9999    9999    0.25    9999    9999    9999
   39651   1.372  -0.292    0.25    9999   0.294    9999    9999    9999
39651.02   0.831  -0.234   0.098    9999    0.27  -0.063   0.029    9999
39651.04   0.508  -0.239   0.166    9999    0.26    9999    9999    9999
39651.06   0.616    9999    9999    9999   0.281    9999    9999    9999
39651.08   1.078    9999    9999    9999   0.145    9999    9999    9999
 39651.1   1.079    9999    9999    9999   0.144  -0.101   0.086    9999
39651.13   0.475    9999    9999    9999   0.179    9999    9999    9999
39651.15   0.452    9999    9999    9999   0.199   0.076    0.06    9999
39651.17  -0.101   0.331   0.199    9999   0.121    9999    9999    9999
39651.19   0.089   0.463   0.307    9999   0.112    9999    9999    9999
