cases/OP3/data/lanc-ptr-ms_bukit-atur_20080622.na
35 1001
Langford, Ben
Lancaster Environment Centre, Lancaster University, Lanncaster, LA1 4YQ; email b.langford1@lancaster.ac.uk
PTR-MS VMR and flux data (located at 75 m on GAW tower)
OP3
1 1
2008 06 22  2008 07 22
       0
time (days since 1900-01-01 00:00:00 UTC+ 8:00)
       8
1.  1.  1.  1.  1.  1.  1.  1.
9999.  9999.  9999.  9999.  9999.  9999.  9999.  9999.
Isoprene_volume_mixing_ratio (ppb)
Isoprene_flux (mg m h)
Flux_precision (mg m h)
Rejected_isoprene_fluxes (mg m h)
Monoterpene_volume_mixing_ratio (ppb)
Monoterpene_flux (mg m h)
Monoterpene_precision (mg m h)
Rejected_monoterpene_fluxes (mg m h)
       8
The data recorded in this file represent 25 min averages of the variables measured.
Rejected fluxes are for periods where friction velocities fell below 0.15 (m/s)
Please email Ben Langford (b.langford1@lancaster.ac.uk) prior to use.
site_name: Bukit Atur
country: Malaysia
longitude: 117.8441694
latitude: 4.98035
height_above_sea_level: 440 m
       5
 -------------------------------------------------------------------------------------------
This file uses the NASA Ames format developed in
S. E. Gaines and R. S. Hipskind, Format Specification for Data Exchange, Version 1.3, 1998.
 -------------------------------------------------------------------------------------------
t       ISO_VMR ISO_FLX ISO_ERR ISO_REJEMONO_VMRMONO_FLXMONO_ERRMONO_REJECT
[from data line 877]
39639.27   0.311    9999    9999   0.041    0.02    9999    9999   0.033
39639.29   1.541   0.216   0.064    9999   0.157   0.052   0.022    9999
39639.31   2.098   0.414   0.185    9999   0.212   0.123   0.036    9999
39639.33   3.163   1.084   0.208    9999   0.265   0.229   0.067    9999
39639.35   2.604    9999    9999    9999   0.288  -0.613   0.093    9999
39639.38    2.88   1.859   0.225    9999   0.473  -0.101   0.077    9999
 39639.4   2.203   2.029   0.309    9999     0.3   0.453   0.095    9999
39639.42   2.309   1.654   0.227    9999   0.416   0.348   0.081    9999
39639.44   3.169   3.356   0.504    9999   0.489   0.802   0.108    9999
39639.46   2.926   4.835   0.394    9999    0.36   1.059   0.097    9999
39639.48   4.134   5.026   0.522    9999   0.474   0.716   0.131    9999
 39639.5   3.254   1.364   0.481    9999   0.324   0.438   0.188    9999
39639.52   4.137   3.167   0.676    9999   0.406    0.65   0.203    9999
39639.54   4.243   1.212   0.582    9999   0.448   0.521   0.169    9999
39639.56   3.753   2.673   0.662    9999   0.388    0.42   0.188    9999
39639.58   4.241   1.627   0.739    9999   0.268   0.314   0.189    9999
 39639.6   3.921   1.532   0.305    9999    0.26    1.31   0.112    9999
39639.63   5.902   1.454   0.618    9999   0.279   1.273   0.185    9999
39639.65   2.824   0.462   0.102    9999   0.164   0.158   0.045    9999
39639.67   2.012    9999    9999    9999   0.026   0.047   0.032    9999
39639.69   1.591    0.24   0.065    9999  -0.008  -0.089   0.034    9999
39639.71   1.481  -0.105   0.048    9999   0.017  -0.029   0.021    9999
39639.73   1.491    9999    9999    9999   0.035    9999    9999    9999
39639.75   1.863    9999    9999    9999   0.106    9999    9999    9999
39639.77   1.749    9999    9999    9999   0.085    9999    9999    9999
39639.79   2.176    9999    9999    9999   0.175    9999    9999    9999
39639.81   1.914    9999    9999    9999   0.142    9999    9999    9999
39639.83   1.521   0.163   0.145    9999   0.048    9999    9999    9999
39639.85   1.641    9999    9999    9999   0.068    9999    9999    9999
39639.88   1.599    9999    9999    9999   -0.02    9999    9999    9999
 39639.9   1.245    9999    9999    9999  -0.017    9999    9999    9999
39639.92   0.942  -0.109   0.082    9999   0.071    9999    9999    9999
39639.94   0.826    9999    9999    9999   0.063    9999    9999    9999
39639.96   0.478    9999    9999    9999  -0.021    9999    9999    9999
39639.98   0.282    9999    9999    9999  -0.032    9999    9999    9999
   39640   0.143    9999    9999  -0.061   -0.02    9999    9999   0.049
39640.02   0.103    9999    9999  -0.081  -0.016    9999    9999  -0.055
39640.04   0.173    9999    9999   0.069  -0.003    9999    9999  -0.033
39640.06   0.126    9999    9999    9999  -0.002    9999    9999    9999
39640.08   0.158    9999    9999    9999   -0.01    9999    9999    9999
 39640.1   0.204  -0.036   0.028    9999  -0.007    9999    9999    9999
39640.13   0.278    9999    9999    9999  -0.031    9999    9999    9999
39640.15   0.299  -0.071   0.053    9999  -0.028    9999    9999    9999
39640.17   0.467    9999    9999    9999   0.057    9999    9999    9999
39640.19   0.412    9999    9999    9999   0.044    9999    9999    9999
39640.21   0.177    9999    9999    9999  -0.007   0.037   0.027    9999
39640.23   0.186    9999    9999    9999  -0.009    9999    9999    9999
39640.25   0.147    9999    9999    9999   0.044    9999    9999    9999
39640.27   0.078    9999    9999    9999   0.047    9999    9999    9999
39640.29   0.417    9999    9999    0.27   0.041    9999    9999   0.067
39640.31   0.238    9999    9999    9999   0.022    9999    9999    9999
39640.33     1.4    9999    9999   0.987   0.195    9999    9999   0.225
39640.35   2.956   3.384   0.388    9999   0.402   0.799   0.112    9999
39640.38   2.651    9999    9999    9999   0.395    -0.5     0.1    9999
 39640.4   3.122   0.853   0.377    9999   0.441   0.192   0.159    9999
39640.42   2.956   3.042   0.296    9999   0.517   1.217   0.117    9999
39640.44   2.524   2.678   0.291    9999   0.407   0.568   0.112    9999
39640.46   1.599   0.235   0.047    9999   0.138  -0.107   0.019    9999
39640.48   1.024   0.118   0.056    9999   0.031   0.067   0.024    9999
 39640.5   0.814    9999    9999    9999   0.075  -0.048   0.029    9999
39640.52   1.247   1.232   0.227    9999   0.165   0.237   0.052    9999
39640.54   3.192   3.953   0.705    9999   0.442    0.84   0.205    9999
39640.56    2.05   2.174   0.447    9999   0.205   0.749   0.173    9999
39640.58   2.162   1.677   0.398    9999   0.133   0.433   0.138    9999
 39640.6   2.528   1.957   0.372    9999   0.149   0.389   0.102    9999
39640.63   2.171   0.571   0.289    9999   0.176    9999    9999    9999
39640.65   2.478   1.308   0.292    9999   0.191   0.265   0.066    9999
39640.67   2.286   0.406   0.189    9999    0.09   0.066   0.065    9999
39640.69    1.73   0.256   0.171    9999   0.009    9999    9999    9999
39640.71    9999    9999    9999    9999    9999    9999    9999       0
39640.73   2.832   0.458   0.351    9999   0.484   0.348   0.154    9999
39640.75   2.933    9999    9999    9999   0.097    9999    9999    9999
39640.77   2.833    9999    9999    9999   0.055    9999    9999    9999
39640.79   2.538    9999    9999    9999    0.02    9999    9999    9999
39640.81   2.645    9999    9999  -0.246   0.006    9999    9999  -0.034
39640.83   2.707    9999    9999  -0.251  -0.002    9999    9999  -0.058
39640.85    9999    9999    9999    9999  -0.037    9999    9999       0
39640.88    9999    9999    9999    9999    9999    9999    9999       0
 39640.9    9999    9999    9999    9999    9999    9999    9999       0
39640.92    9999    9999    9999    9999    9999    9999    9999    9999
39640.94   3.933    9999    9999    9999  -0.014    9999    9999    9999
39640.96   3.685    9999    9999    9999   0.091  -0.032   0.032    9999
39640.98   3.096  -0.181   0.144    9999   0.091    9999    9999    9999
   39641   3.209    9999    9999    9999   0.095    9999    9999    9999
39641.02   2.819   0.182   0.051    9999   0.101    9999    9999    9999
39641.04   2.712    9999    9999    9999   0.061    9999    9999    9999
39641.06   2.957    9999    9999  -0.262   0.065    9999    9999   0.051
39641.08    2.48    9999    9999   0.187   0.085    9999    9999  -0.047
 39641.1   1.848    9999    9999  -0.271     0.1    9999    9999  -0.069
39641.13   1.671    9999    9999    9999   0.055    9999    9999    9999
39641.15   1.395    9999    9999    9999    0.04    9999    9999    9999
39641.17   1.477    9999    9999  -0.055   0.041    9999    9999  -0.017
39641.19   1.155    9999    9999    0.09   0.065    9999    9999   0.034
39641.21   0.431    9999    9999    9999   0.026    9999    9999    9999
39641.23    0.46    9999    9999   0.081   0.019    9999    9999    0.04
39641.25   0.399    9999    9999    9999   0.077    9999    9999    9999
39641.27   0.411    9999    9999    9999   0.076    9999    9999    9999
39641.29   0.464    9999    9999  -0.028   0.084    9999    9999   0.021
39641.31   0.305    9999    9999   -0.02   0.087    9999    9999  -0.015
39641.33   1.475    9999    9999   0.527   0.192    9999    9999   0.104
39641.35   4.462   1.243   0.354    9999   0.526   0.202     0.1    9999
39641.38   3.251    0.53   0.075    9999   0.447   0.215   0.034    9999
 39641.4   3.089   1.031   0.185    9999   0.473  -0.102   0.088    9999
39641.42   3.004   1.203   0.213    9999   0.319   0.257   0.073    9999
39641.44    2.49   3.001   0.279    9999   0.395  -0.079   0.069    9999
39641.46   2.321   1.393   0.122    9999   0.352   0.083    0.04    9999
39641.48   3.261   6.372   0.384    9999   0.356   1.307   0.127    9999
 39641.5   2.871    6.17   0.467    9999   0.303   1.392   0.126    9999
39641.52   2.106   5.819   0.506    9999   0.237   0.944   0.142    9999
39641.54   2.246   1.407   0.222    9999   0.315   0.349   0.077    9999
39641.56   3.477   3.756   0.297    9999   0.411   0.754   0.068    9999
39641.58    3.43   1.591   0.517    9999   0.361   0.407   0.115    9999
 39641.6   4.084   3.361   1.006    9999   0.276   0.248   0.147    9999
39641.63   1.477    9999    9999    9999   0.141    9999    9999    9999
39641.65    1.12   0.257   0.168    9999   0.133    9999    9999    9999
39641.67   2.428   0.677   0.253    9999   0.214   0.229   0.098    9999
39641.69   2.788   0.826   0.301    9999   0.262   0.128   0.075    9999
39641.71   2.869    9999    9999  -0.371   0.154    9999    9999   0.103
39641.73   2.547   0.474   0.156    9999   0.171    9999    9999    9999
39641.75   2.838    9999    9999    9999   0.203    9999    9999    9999
39641.77   3.214    9999    9999    9999   0.119  -0.057   0.054    9999
39641.79   3.453    9999    9999    9999   0.061    9999    9999    9999
39641.81    6.06    9999    9999    9999   0.064    9999    9999    9999
39641.83   5.997    9999    9999    9999   0.106    9999    9999    9999
39641.85   5.075    9999    9999    9999   0.121    9999    9999    9999
39641.88    4.46    9999    9999    9999   0.092  -0.062   0.051    9999
 39641.9   3.408    9999    9999    9999   0.087    9999    9999    9999
39641.92   1.948    9999    9999   0.387   0.065    9999    9999   0.064
39641.94   1.246    9999    9999    9999   0.073    9999    9999    9999
39641.96   1.773    9999    9999    9999   0.092    9999    9999    9999
39641.98   1.452    9999    9999    9999   0.127    9999    9999    9999
   39642   1.145    9999    9999  -0.177    0.13    9999    9999  -0.074
39642.02   0.914    9999    9999  -0.164    0.11    9999    9999  -0.052
39642.04   0.199    9999    9999    9999   0.081    9999    9999    9999
39642.06    0.43    9999    9999  -0.156   0.078    9999    9999  -0.062
39642.08    0.62    9999    9999    9999   0.055    9999    9999    9999
 39642.1   0.513  -0.125   0.121    9999   0.038    9999    9999    9999
39642.13   0.494    9999    9999    9999       0    9999    9999    9999
39642.15   0.327    9999    9999    9999  -0.002    9999    9999    9999
39642.17   0.216    9999    9999    9999   0.088    9999    9999    9999
39642.19   0.157    9999    9999    9999   0.079    9999    9999    9999
39642.21   0.149    9999    9999    9999   0.021    9999    9999    9999
39642.23   0.207    9999    9999    9999   0.019    9999    9999    9999
39642.25   0.245    9999    9999   0.104   0.036    9999    9999  -0.069
39642.27   0.217    9999    9999   0.131   0.028    9999    9999  -0.122
39642.29   0.249   0.258   0.123    9999   0.079    9999    9999    9999
39642.31   1.271   1.237   0.222    9999   0.161   0.247   0.057    9999
39642.33   2.781  -0.378   0.116    9999   0.303   0.156   0.047    9999
39642.35   1.587   1.414   0.336    9999   0.186   0.394   0.117    9999
39642.38   2.117  -1.092   0.262    9999   0.371  -0.268   0.112    9999
 39642.4   2.023   2.516   0.352    9999   0.399   0.124   0.081    9999
39642.42   2.684   3.812    0.57    9999   0.321   0.718   0.133    9999
39642.44   3.086   3.761   0.484    9999   0.338   0.559   0.135    9999
39642.46    2.48   4.971   0.509    9999   0.324   1.035   0.128    9999
39642.48   2.716   3.128   0.267    9999   0.335   0.587   0.083    9999
 39642.5   2.331   1.769   0.278    9999   0.245   0.301   0.102    9999
39642.52   2.419   4.461   0.309    9999   0.275   0.672   0.062    9999
39642.54    1.79   3.713   0.316    9999   0.163   0.781   0.091    9999
39642.56   1.955   0.573   0.224    9999   0.189   0.179   0.067    9999
39642.58   1.064  -0.986   0.651    9999   0.107    9999    9999    9999
 39642.6   0.836    9999    9999    9999    0.17    9999    9999    9999
39642.63   2.651   2.422   0.387    9999   0.365   0.578   0.142    9999
39642.65   2.059   2.158   0.333    9999   0.275   0.537   0.095    9999
39642.67   1.634  -0.357   0.298    9999   0.087    9999    9999    9999
39642.69   1.889   0.356   0.247    9999    0.11   0.096   0.075    9999
39642.71   2.209   0.534    0.26    9999    0.15    0.15   0.078    9999
39642.73   2.289    9999    9999    9999   0.144    9999    9999    9999
39642.75   2.022    9999    9999    9999   0.117    9999    9999    9999
39642.77    2.11    9999    9999    9999   0.118    9999    9999    9999
39642.79   3.222    9999    9999    9999   0.124    9999    9999    9999
39642.81   3.735    9999    9999  -0.408   0.119    9999    9999   0.116
39642.83   2.891    9999    9999    9999   0.061    9999    9999    9999
39642.85   2.263    9999    9999    9999   0.057    9999    9999    9999
39642.88   1.906    9999    9999    9999   0.112    9999    9999    9999
 39642.9   1.521    9999    9999    9999   0.108    9999    9999    9999
39642.92   1.252    9999    9999    9999   0.092    9999    9999    9999
39642.94   0.779  -0.102   0.078    9999   0.089    9999    9999    9999
39642.96   0.502    9999    9999    9999   0.059    9999    9999    9999
39642.98    0.38    9999    9999   0.103    0.06    9999    9999   0.063
   39643   0.217    9999    9999    9999   0.034  -0.038   0.035    9999
39643.02   0.083    9999    9999    9999   0.029    9999    9999    9999
39643.04   0.241    9999    9999   0.101   0.042    9999    9999  -0.046
39643.06   0.188    9999    9999    9999   0.043    9999    9999    9999
39643.08   0.132    9999    9999    9999   0.088    9999    9999    9999
 39643.1   0.149    9999    9999  -0.168   0.093    9999    9999   0.111
39643.13   0.204    9999    9999    9999  -0.001    9999    9999    9999
39643.15    0.24    9999    9999    9999   0.011    9999    9999    9999
39643.17    0.22    9999    9999   -0.12   0.067    9999    9999   0.093
39643.19   0.325    9999    9999    9999   0.059    9999    9999    9999
39643.21   0.244    9999    9999   0.105   0.004    9999    9999   0.034
39643.23   0.264    9999    9999    9999   0.007    9999    9999    9999
39643.25   0.097    9999    9999   0.073   0.014    9999    9999   0.047
39643.27   0.168   -0.04   0.032    9999   0.015    9999    9999    9999
39643.29   0.605   1.007   0.175    9999   0.147   0.196   0.051    9999
39643.31   1.781   1.483   0.188    9999   0.277   0.376   0.064    9999
39643.33   3.197  -0.827   0.156    9999   0.348  -0.327   0.062    9999
39643.35   2.909   1.605   0.179    9999   0.419   0.337    0.07    9999
39643.38   1.471   2.632   0.314    9999    0.25   0.946   0.117    9999
 39643.4   1.908   2.392   0.498    9999    0.29    0.27   0.132    9999
39643.42   1.921   2.487   0.352    9999   0.291   0.462   0.104    9999
39643.44   2.492   1.765    0.35    9999   0.348   0.438   0.096    9999
39643.46   2.659   2.663   0.215    9999   0.386   0.444   0.079    9999
39643.48   3.271   3.211   0.476    9999   0.446    0.57   0.088    9999
 39643.5   3.912    9999   0.357    9999   0.435  -1.033   0.082    9999
39643.52   3.746   1.717   0.274    9999   0.416   0.245   0.099    9999
39643.54   1.665   2.648     0.7    9999    0.07   0.305    0.18    9999
39643.56   0.715    9999    9999    9999   0.025    9999    9999    9999
39643.58   1.176   0.901   0.314    9999   0.209   0.278    0.13    9999
 39643.6   3.047   1.506   0.165    9999   0.587    9999    9999    9999
39643.63   2.595   0.478   0.158    9999   0.574   0.222   0.067    9999
39643.65   2.277   0.385   0.094    9999   0.434   0.134   0.043    9999
39643.67   2.759   0.681   0.114    9999    0.28    0.27   0.047    9999
39643.69   2.588    9999    9999    9999   0.282    9999    9999    9999
39643.71   1.396   0.106   0.096    9999   0.136    9999    9999    9999
39643.73    1.53   0.288   0.056    9999   0.128   0.052   0.024    9999
39643.75   3.376  -0.128   0.087    9999   0.218    9999    9999    9999
39643.77   3.756    9999    9999    9999   0.123  -0.026   0.017    9999
39643.79   3.496    9999    9999   0.262   0.121    9999    9999     0.1
