cases/OP3/data/leeds-fage_bukit-atur_20080706_version3.na
37 1001
"Furneaux, Kate "
"School of Chemistry, University of Leeds, UK"
"FAGE OH and HO2 data from Bukit Atur, Danum valley"
OP3 campaign 3
1  1
2008 07 06 2009 01 19
0
Time (days since 2008-01-01 00:00:00+00.00 LOCAL_TIME(GMT+8))
4
1.0 1.0 1.0 1.0
10000000000 10000000000 10000000000 10000000000
OH (molecule cm-3)
HO2 (molecule cm-3)
OH Limit of detection (molecule cm-3)
HO2 Limit of detection (molecule cm-3)
0
19
University of Leeds FAGE OH and HO2 data version 2
"Instrument inlet was located on the FAGE container roof, approx height = 5 m, elevated nitric oxide from FAGE exhaust, please contact L.K.Whalley@leeds.ac.uk, Tel:+44 113 3436550 before using data"
Data integration period is 120 seconds until 18/07/2008 16:39
Data integration period is 180 seconds from 18/07/2008 16:49
Data is taken at 10 s time intervals which is integrated to 120 or 180 s time period
Time is average time for integration period
Time in LOCAL_TIME(GMT+8)
"Time = days since 2008-01-01 (e.g.01/01/2008_00:00=0, 06/07/2008_00:00=187) "
OH units = molecule cm-3
OH Limit of detection units = molecule cm-3
HO2 units = molecule cm-3
HO2 Limit of detection units = molecule cm-3
[OH] 2 sigma standard deviation = 44%
[HO2] 2 sigma standard deviation = 50%
This file ends = 2008 07 18
Contact Lisa Whalley prior to use:
"L.K.Whalley@leeds.ac.uk, Tel:+44 113 3436550"
"FAGE Group, School of Chemistry, University of Leeds, LS2 9JT. "
Time_(days_since_2008-01-01_00:00:00_+_00.00_LOCAL_TIME(GMT+8)) OH_(molecule_cm-3) HO2_(molecule_cm-3) OH_Limit_of_detection_(molecule_cm-3) HO2_Limit_of_detection_(molecule_cm-3)
[from data line 762]
190.213866     1.00E+10     7.37E+06     1.00E+10     3.20E+06
190.217571     3.72E+04     1.00E+10     2.25E+05     1.00E+10
190.219167     1.00E+10     1.02E+07     1.00E+10     3.19E+06
190.222934     -5.19E+05    1.00E+10     2.34E+05     1.00E+10
190.224525     1.00E+10     1.05E+07     1.00E+10     3.35E+06
190.228270     5.49E+05     1.00E+10     2.24E+05     1.00E+10
190.229861     1.00E+10     2.06E+07     1.00E+10     3.21E+06
190.233628     7.23E+05     1.00E+10     2.16E+05     1.00E+10
190.235220     1.00E+10     8.72E+06     1.00E+10     3.12E+06
190.238929     6.59E+05     1.00E+10     2.09E+05     1.00E+10
190.240521     1.00E+10     4.30E+07     1.00E+10     3.01E+06
190.244288     3.94E+05     1.00E+10     2.40E+05     1.00E+10
190.245880     1.00E+10     1.29E+07     1.00E+10     3.47E+06
190.249647     -1.57E+04    1.00E+10     2.37E+05     1.00E+10
190.251238     1.00E+10     8.63E+06     1.00E+10     3.36E+06
190.254913     9.78E+04     1.00E+10     2.20E+05     1.00E+10
190.256505     1.00E+10     1.34E+07     1.00E+10     3.20E+06
190.260277     -6.36E+05    1.00E+10     2.43E+05     1.00E+10
190.261875     1.00E+10     6.01E+06     1.00E+10     3.51E+06
190.265666     -3.56E+04    1.00E+10     2.25E+05     1.00E+10
190.267257     1.00E+10     1.98E+07     1.00E+10     3.23E+06
190.271057     -4.00E+05    1.00E+10     2.43E+05     1.00E+10
190.272650     1.00E+10     1.07E+07     1.00E+10     3.51E+06
190.276418     4.38E+05     1.00E+10     2.31E+05     1.00E+10
190.278009     1.00E+10     2.02E+07     1.00E+10     3.36E+06
190.281780     1.54E+06     1.00E+10     2.24E+05     1.00E+10
190.283380     1.00E+10     4.94E+07     1.00E+10     3.26E+06
190.287008     -3.74E+05    1.00E+10     2.50E+05     1.00E+10
190.288600     1.00E+10     8.35E+06     1.00E+10     3.63E+06
190.292263     9.92E+05     1.00E+10     2.45E+05     1.00E+10
190.293854     1.00E+10     2.40E+07     1.00E+10     3.51E+06
190.297552     6.21E+05     1.00E+10     2.32E+05     1.00E+10
190.299144     1.00E+10     2.44E+07     1.00E+10     3.32E+06
190.302841     1.13E+06     1.00E+10     2.43E+05     1.00E+10
190.304433     1.00E+10     2.21E+07     1.00E+10     3.51E+06
190.308177     1.66E+06     1.00E+10     2.19E+05     1.00E+10
190.309769     1.00E+10     5.42E+07     1.00E+10     3.20E+06
190.313500     3.31E+06     1.00E+10     2.46E+05     1.00E+10
190.315093     1.00E+10     6.24E+07     1.00E+10     3.56E+06
190.318791     2.88E+06     1.00E+10     2.26E+05     1.00E+10
190.320386     1.00E+10     4.00E+07     1.00E+10     3.28E+06
190.324172     1.55E+06     1.00E+10     2.40E+05     1.00E+10
190.325764     1.00E+10     3.35E+07     1.00E+10     3.47E+06
190.329531     2.80E+06     1.00E+10     2.50E+05     1.00E+10
190.331123     1.00E+10     4.79E+07     1.00E+10     3.56E+06
190.334847     1.69E+06     1.00E+10     2.52E+05     1.00E+10
190.336447     1.00E+10     6.03E+07     1.00E+10     3.63E+06
190.340191     2.20E+06     1.00E+10     2.61E+05     1.00E+10
190.341782     1.00E+10     9.88E+07     1.00E+10     3.75E+06
190.345527     1.18E+06     1.00E+10     2.66E+05     1.00E+10
190.347120     1.00E+10     4.16E+07     1.00E+10     3.86E+06
190.350863     1.64E+06     1.00E+10     2.70E+05     1.00E+10
190.352465     1.00E+10     8.85E+07     1.00E+10     3.87E+06
190.356176     1.62E+06     1.00E+10     2.64E+05     1.00E+10
190.357778     1.00E+10     2.93E+07     1.00E+10     3.76E+06
190.363209     1.76E+06     1.00E+10     2.49E+05     1.00E+10
190.364803     1.00E+10     9.56E+07     1.00E+10     3.77E+06
190.368466     1.03E+06     1.00E+10     2.72E+05     1.00E+10
190.370064     1.00E+10     1.32E+08     1.00E+10     3.94E+06
190.373663     1.39E+06     1.00E+10     2.70E+05     1.00E+10
190.375255     1.00E+10     1.00E+08     1.00E+10     3.89E+06
190.378929     3.08E+06     1.00E+10     2.85E+05     1.00E+10
190.380521     1.00E+10     1.35E+08     1.00E+10     4.09E+06
190.384172     2.88E+06     1.00E+10     2.88E+05     1.00E+10
190.385764     1.00E+10     1.13E+08     1.00E+10     4.22E+06
190.389450     4.70E+06     1.00E+10     3.05E+05     1.00E+10
190.391042     1.00E+10     1.21E+08     1.00E+10     4.36E+06
190.394856     2.18E+06     1.00E+10     3.41E+05     1.00E+10
190.396458     1.00E+10     1.30E+08     1.00E+10     4.99E+06
190.400181     2.04E+06     1.00E+10     3.52E+05     1.00E+10
190.401782     1.00E+10     1.25E+08     1.00E+10     5.10E+06
190.405480     3.36E+06     1.00E+10     3.41E+05     1.00E+10
190.407072     1.00E+10     1.37E+08     1.00E+10     4.90E+06
190.410793     3.51E+06     1.00E+10     3.83E+05     1.00E+10
190.412384     1.00E+10     1.33E+08     1.00E+10     5.45E+06
190.416176     5.63E+06     1.00E+10     4.17E+05     1.00E+10
190.417778     1.00E+10     1.88E+08     1.00E+10     5.88E+06
190.424763     6.55E+06     1.00E+10     4.73E+05     1.00E+10
190.426362     1.00E+10     2.01E+08     1.00E+10     6.87E+06
190.431568     -9.46E+04    1.00E+10     4.53E+05     1.00E+10
190.433171     1.00E+10     1.37E+08     1.00E+10     6.71E+06
190.436858     5.28E+06     1.00E+10     4.44E+05     1.00E+10
190.438453     1.00E+10     1.67E+08     1.00E+10     5.95E+06
190.442070     6.92E+06     1.00E+10     4.43E+05     1.00E+10
190.443669     1.00E+10     2.05E+08     1.00E+10     6.17E+06
190.447309     7.74E+05     1.00E+10     4.53E+05     1.00E+10
190.448900     1.00E+10     1.74E+08     1.00E+10     6.61E+06
190.452633     3.80E+06     1.00E+10     4.42E+05     1.00E+10
190.454225     1.00E+10     1.85E+08     1.00E+10     6.46E+06
190.457957     4.04E+06     1.00E+10     4.49E+05     1.00E+10
190.459549     1.00E+10     1.76E+08     1.00E+10     6.59E+06
190.463177     7.40E+06     1.00E+10     4.68E+05     1.00E+10
190.464769     1.00E+10     1.90E+08     1.00E+10     6.83E+06
190.468362     -2.10E+05    1.00E+10     5.01E+05     1.00E+10
190.469954     1.00E+10     1.87E+08     1.00E+10     7.13E+06
190.473513     1.57E+06     1.00E+10     4.77E+05     1.00E+10
190.475113     1.00E+10     1.61E+08     1.00E+10     7.15E+06
190.478686     5.43E+05     1.00E+10     4.72E+05     1.00E+10
190.480278     1.00E+10     1.33E+08     1.00E+10     6.99E+06
190.483964     2.57E+06     1.00E+10     4.33E+05     1.00E+10
190.485556     1.00E+10     1.01E+08     1.00E+10     5.80E+06
190.489172     5.44E+06     1.00E+10     4.03E+05     1.00E+10
190.490764     1.00E+10     1.48E+08     1.00E+10     6.08E+06
190.494389     2.46E+06     1.00E+10     5.46E+05     1.00E+10
190.495984     1.00E+10     1.89E+08     1.00E+10     8.71E+06
190.499578     9.32E+06     1.00E+10     5.55E+05     1.00E+10
190.501169     1.00E+10     2.29E+08     1.00E+10     8.35E+06
190.504797     7.60E+06     1.00E+10     6.33E+05     1.00E+10
190.506389     1.00E+10     2.04E+08     1.00E+10     9.29E+06
190.510017     5.60E+06     1.00E+10     5.74E+05     1.00E+10
190.511609     1.00E+10     2.05E+08     1.00E+10     8.07E+06
190.515341     2.32E+06     1.00E+10     5.23E+05     1.00E+10
190.516933     1.00E+10     1.35E+08     1.00E+10     8.40E+06
190.520596     5.48E+06     1.00E+10     5.56E+05     1.00E+10
190.522187     1.00E+10     1.06E+08     1.00E+10     5.78E+06
190.525885     4.43E+05     1.00E+10     4.22E+05     1.00E+10
190.527477     1.00E+10     7.30E+07     1.00E+10     6.48E+06
190.531117     4.16E+06     1.00E+10     4.78E+05     1.00E+10
190.532708     1.00E+10     1.91E+08     1.00E+10     6.85E+06
190.536418     1.62E+06     1.00E+10     5.06E+05     1.00E+10
190.538012     1.00E+10     1.72E+08     1.00E+10     7.15E+06
190.541591     5.91E+06     1.00E+10     4.93E+05     1.00E+10
190.543183     1.00E+10     1.58E+08     1.00E+10     7.22E+06
190.546811     1.94E+05     1.00E+10     4.86E+05     1.00E+10
190.548403     1.00E+10     1.13E+08     1.00E+10     7.23E+06
190.552112     5.60E+06     1.00E+10     4.48E+05     1.00E+10
190.553704     1.00E+10     1.39E+08     1.00E+10     6.37E+06
190.557297     2.19E+05     1.00E+10     5.30E+05     1.00E+10
190.558889     1.00E+10     9.59E+07     1.00E+10     7.41E+06
190.562575     6.77E+06     1.00E+10     4.97E+05     1.00E+10
190.564168     1.00E+10     2.78E+08     1.00E+10     7.86E+06
190.567853     1.58E+06     1.00E+10     6.16E+05     1.00E+10
190.569444     1.00E+10     1.76E+08     1.00E+10     8.84E+06
190.573154     7.46E+06     1.00E+10     6.32E+05     1.00E+10
190.574745     1.00E+10     2.07E+08     1.00E+10     9.02E+06
190.578547     4.81E+06     1.00E+10     6.29E+05     1.00E+10
190.580147     1.00E+10     1.88E+08     1.00E+10     9.05E+06
190.589334     5.85E+06     1.00E+10     5.97E+05     1.00E+10
190.590926     1.00E+10     1.80E+08     1.00E+10     8.68E+06
190.594719     6.90E+06     1.00E+10     5.61E+05     1.00E+10
190.596317     1.00E+10     1.95E+08     1.00E+10     7.94E+06
190.600168     5.27E+06     1.00E+10     6.08E+05     1.00E+10
190.601759     1.00E+10     1.49E+08     1.00E+10     8.66E+06
190.605607     1.00E+10     1.00E+10     1.00E+10     1.00E+10
190.607199     1.00E+10     1.43E+07     1.00E+10     9.84E+06
190.611036     2.05E+06     1.00E+10     6.33E+05     1.00E+10
190.612638     1.00E+10     1.19E+08     1.00E+10     9.13E+06
190.616471     3.41E+06     1.00E+10     6.28E+05     1.00E+10
190.618067     1.00E+10     8.99E+07     1.00E+10     9.03E+06
190.621927     6.78E+05     1.00E+10     5.65E+05     1.00E+10
190.623519     1.00E+10     1.03E+08     1.00E+10     8.14E+06
190.627344     1.00E+10     1.00E+10     1.00E+10     1.00E+10
190.628935     1.00E+10     8.73E+07     1.00E+10     8.50E+06
190.632749     1.71E+06     1.00E+10     5.29E+05     1.00E+10
190.634340     1.00E+10     6.80E+07     1.00E+10     7.62E+06
190.638177     7.71E+05     1.00E+10     4.91E+05     1.00E+10
190.639769     1.00E+10     6.62E+07     1.00E+10     7.11E+06
190.643559     5.40E+06     1.00E+10     4.72E+05     1.00E+10
190.645150     1.00E+10     1.33E+08     1.00E+10     6.79E+06
190.648883     2.11E+06     1.00E+10     4.17E+05     1.00E+10
190.650475     1.00E+10     9.55E+07     1.00E+10     6.03E+06
190.654219     3.03E+06     1.00E+10     4.46E+05     1.00E+10
190.655811     1.00E+10     5.74E+07     1.00E+10     6.39E+06
190.659635     2.09E+06     1.00E+10     4.36E+05     1.00E+10
190.661227     1.00E+10     1.31E+08     1.00E+10     6.18E+06
190.665004     2.23E+06     1.00E+10     4.34E+05     1.00E+10
190.666597     1.00E+10     1.02E+08     1.00E+10     6.27E+06
190.670353     3.35E+06     1.00E+10     3.63E+05     1.00E+10
190.671944     1.00E+10     1.32E+08     1.00E+10     5.28E+06
190.675700     3.87E+06     1.00E+10     3.45E+05     1.00E+10
190.677292     1.00E+10     9.06E+07     1.00E+10     4.95E+06
190.681047     4.42E+06     1.00E+10     3.27E+05     1.00E+10
190.682639     1.00E+10     1.08E+08     1.00E+10     4.69E+06
190.686406     9.73E+05     1.00E+10     3.50E+05     1.00E+10
190.688004     1.00E+10     7.62E+07     1.00E+10     5.05E+06
190.691707     1.37E+06     1.00E+10     3.29E+05     1.00E+10
190.693299     1.00E+10     1.10E+08     1.00E+10     4.91E+06
190.697058     1.59E+06     1.00E+10     3.61E+05     1.00E+10
190.698657     1.00E+10     9.17E+07     1.00E+10     5.24E+06
190.702425     -4.34E+05    1.00E+10     3.88E+05     1.00E+10
190.704016     1.00E+10     4.47E+07     1.00E+10     5.57E+06
190.707772     5.74E+05     1.00E+10     3.47E+05     1.00E+10
190.709363     1.00E+10     4.22E+07     1.00E+10     4.94E+06
190.713131     8.10E+05     1.00E+10     3.24E+05     1.00E+10
190.714722     1.00E+10     5.18E+07     1.00E+10     4.67E+06
190.718448     2.03E+06     1.00E+10     2.73E+05     1.00E+10
190.720046     1.00E+10     5.85E+07     1.00E+10     3.96E+06
190.723736     2.16E+05     1.00E+10     2.98E+05     1.00E+10
190.725336     1.00E+10     3.67E+07     1.00E+10     4.28E+06
190.740897     2.35E+05     1.00E+10     2.70E+05     1.00E+10
190.742488     1.00E+10     4.06E+07     1.00E+10     3.86E+06
190.746267     5.29E+05     1.00E+10     2.86E+05     1.00E+10
190.747859     1.00E+10     3.71E+07     1.00E+10     4.03E+06
190.751649     2.04E+06     1.00E+10     2.46E+05     1.00E+10
190.753252     1.00E+10     5.29E+07     1.00E+10     3.49E+06
190.756985     6.79E+05     1.00E+10     2.51E+05     1.00E+10
190.758576     1.00E+10     4.33E+07     1.00E+10     3.61E+06
190.762378     9.83E+05     1.00E+10     2.60E+05     1.00E+10
190.763970     1.00E+10     3.80E+07     1.00E+10     3.76E+06
190.767679     2.89E+05     1.00E+10     2.61E+05     1.00E+10
190.769271     1.00E+10     2.53E+07     1.00E+10     3.75E+06
190.773015     -6.15E+04    1.00E+10     2.89E+05     1.00E+10
190.774606     1.00E+10     1.68E+07     1.00E+10     4.08E+06
190.778235     1.47E+05     1.00E+10     2.75E+05     1.00E+10
190.779826     1.00E+10     1.22E+07     1.00E+10     4.01E+06
190.783536     4.76E+05     1.00E+10     2.68E+05     1.00E+10
190.785127     1.00E+10     1.84E+07     1.00E+10     3.86E+06
190.788853     -1.11E+05    1.00E+10     2.78E+05     1.00E+10
190.790451     1.00E+10     1.06E+07     1.00E+10     3.94E+06
190.794219     -2.46E+05    1.00E+10     2.81E+05     1.00E+10
190.795816     1.00E+10     7.37E+06     1.00E+10     4.10E+06
190.799566     7.08E+05     1.00E+10     2.46E+05     1.00E+10
190.801157     1.00E+10     2.39E+07     1.00E+10     3.52E+06
190.804878     6.03E+05     1.00E+10     2.57E+05     1.00E+10
190.806481     1.00E+10     1.95E+07     1.00E+10     3.69E+06
190.810203     2.64E+05     1.00E+10     2.52E+05     1.00E+10
190.811800     1.00E+10     2.29E+07     1.00E+10     3.62E+06
190.815573     4.02E+05     1.00E+10     2.46E+05     1.00E+10
190.817164     1.00E+10     1.58E+07     1.00E+10     3.59E+06
190.820932     2.98E+05     1.00E+10     2.39E+05     1.00E+10
190.822523     1.00E+10     1.73E+07     1.00E+10     3.55E+06
190.826336     -2.58E+05    1.00E+10     2.80E+05     1.00E+10
190.827928     1.00E+10     1.07E+07     1.00E+10     4.01E+06
190.833397     5.15E+05     1.00E+10     2.57E+05     1.00E+10
190.834988     1.00E+10     2.17E+07     1.00E+10     3.70E+06
190.838837     -3.83E+05    1.00E+10     2.84E+05     1.00E+10
190.840440     1.00E+10     5.78E+06     1.00E+10     3.99E+06
190.844265     8.05E+05     1.00E+10     2.45E+05     1.00E+10
190.845856     1.00E+10     2.98E+07     1.00E+10     3.50E+06
190.849694     7.32E+05     1.00E+10     2.52E+05     1.00E+10
190.851292     1.00E+10     2.40E+07     1.00E+10     3.60E+06
190.855110     8.93E+05     1.00E+10     2.63E+05     1.00E+10
190.856701     1.00E+10     2.75E+07     1.00E+10     3.76E+06
190.860376     6.03E+05     1.00E+10     2.37E+05     1.00E+10
190.861968     1.00E+10     3.23E+07     1.00E+10     3.44E+06
190.865689     -9.29E+04    1.00E+10     2.61E+05     1.00E+10
190.867280     1.00E+10     9.56E+06     1.00E+10     3.81E+06
190.871004     1.70E+05     1.00E+10     2.64E+05     1.00E+10
190.872604     1.00E+10     1.09E+07     1.00E+10     3.74E+06
190.876224     6.92E+05     1.00E+10     2.38E+05     1.00E+10
190.877824     1.00E+10     1.58E+07     1.00E+10     3.40E+06
190.881591     -2.12E+05    1.00E+10     2.65E+05     1.00E+10
190.883183     1.00E+10     7.95E+06     1.00E+10     3.80E+06
190.886916     1.62E+05     1.00E+10     2.62E+05     1.00E+10
190.888507     1.00E+10     1.33E+07     1.00E+10     3.78E+06
190.892240     2.10E+05     1.00E+10     2.37E+05     1.00E+10
190.893840     1.00E+10     1.35E+07     1.00E+10     3.47E+06
190.897691     1.36E+05     1.00E+10     2.38E+05     1.00E+10
190.899282     1.00E+10     1.33E+07     1.00E+10     3.51E+06
190.903177     9.51E+04     1.00E+10     2.44E+05     1.00E+10
190.904769     1.00E+10     6.04E+06     1.00E+10     3.48E+06
190.908605     -1.76E+05    1.00E+10     2.58E+05     1.00E+10
190.910197     1.00E+10     4.71E+06     1.00E+10     3.61E+06
