cases/OP3/data/leeds-fage_bukit-atur_20080706_version3.na
37 1001
"Furneaux, Kate "
"School of Chemistry, University of Leeds, UK"
"FAGE OH and HO2 data from Bukit Atur, Danum valley"
OP3 campaign 3
1  1
2008 07 06 2009 01 19
0
Time (days since 2008-01-01 00:00:00+00.00 LOCAL_TIME(GMT+8))
4
1.0 1.0 1.0 1.0
10000000000 10000000000 10000000000 10000000000
OH (molecule cm-3)
HO2 (molecule cm-3)
OH Limit of detection (molecule cm-3)
HO2 Limit of detection (molecule cm-3)
0
19
University of Leeds FAGE OH and HO2 data version 2
"Instrument inlet was located on the FAGE container roof, approx height = 5 m, elevated nitric oxide from FAGE exhaust, please contact L.K.Whalley@leeds.ac.uk, Tel:+44 113 3436550 before using data"
Data integration period is 120 seconds until 18/07/2008 16:39
Data integration period is 180 seconds from 18/07/2008 16:49
Data is taken at 10 s time intervals which is integrated to 120 or 180 s time period
Time is average time for integration period
Time in LOCAL_TIME(GMT+8)
"Time = days since 2008-01-01 (e.g.01/01/2008_00:00=0, 06/07/2008_00:00=187) "
OH units = molecule cm-3
OH Limit of detection units = molecule cm-3
HO2 units = molecule cm-3
HO2 Limit of detection units = molecule cm-3
[OH] 2 sigma standard deviation = 44%
[HO2] 2 sigma standard deviation = 50%
This file ends = 2008 07 18
Contact Lisa Whalley prior to use:
"L.K.Whalley@leeds.ac.uk, Tel:+44 113 3436550"
"FAGE Group, School of Chemistry, University of Leeds, LS2 9JT. "
Time_(days_since_2008-01-01_00:00:00_+_00.00_LOCAL_TIME(GMT+8)) OH_(molecule_cm-3) HO2_(molecule_cm-3) OH_Limit_of_detection_(molecule_cm-3) HO2_Limit_of_detection_(molecule_cm-3)
[from data line 2032]
193.739219     -2.81E+05    1.00E+10     3.13E+05     1.00E+10
193.740810     1.00E+10     3.11E+07     1.00E+10     4.50E+06
193.744381     6.48E+05     1.00E+10     2.94E+05     1.00E+10
193.745972     1.00E+10     4.15E+07     1.00E+10     4.27E+06
193.749554     1.19E+06     1.00E+10     2.92E+05     1.00E+10
193.751146     1.00E+10     3.99E+07     1.00E+10     4.20E+06
193.754693     3.47E+05     1.00E+10     3.00E+05     1.00E+10
193.756285     1.00E+10     3.86E+07     1.00E+10     4.33E+06
193.759878     3.45E+05     1.00E+10     3.01E+05     1.00E+10
193.761470     1.00E+10     2.79E+07     1.00E+10     4.33E+06
193.765163     8.08E+05     1.00E+10     2.68E+05     1.00E+10
193.766759     1.00E+10     3.93E+07     1.00E+10     3.83E+06
193.770446     6.83E+05     1.00E+10     2.69E+05     1.00E+10
193.772037     1.00E+10     3.11E+07     1.00E+10     3.88E+06
193.775700     9.54E+05     1.00E+10     2.78E+05     1.00E+10
193.777292     1.00E+10     3.53E+07     1.00E+10     4.05E+06
193.780943     8.36E+05     1.00E+10     2.72E+05     1.00E+10
193.782535     1.00E+10     2.52E+07     1.00E+10     3.99E+06
193.786142     9.92E+05     1.00E+10     2.86E+05     1.00E+10
193.787734     1.00E+10     3.59E+07     1.00E+10     4.14E+06
193.791291     3.45E+05     1.00E+10     2.83E+05     1.00E+10
193.792890     1.00E+10     2.57E+07     1.00E+10     4.11E+06
193.796464     2.15E+05     1.00E+10     2.78E+05     1.00E+10
193.798056     1.00E+10     2.84E+07     1.00E+10     4.03E+06
193.801649     1.17E+06     1.00E+10     2.76E+05     1.00E+10
193.803241     1.00E+10     3.53E+07     1.00E+10     3.93E+06
193.806800     3.71E+05     1.00E+10     2.93E+05     1.00E+10
193.808391     1.00E+10     1.82E+07     1.00E+10     4.22E+06
193.812008     3.35E+05     1.00E+10     2.81E+05     1.00E+10
193.813600     1.00E+10     1.84E+07     1.00E+10     4.03E+06
193.817344     1.18E+06     1.00E+10     2.45E+05     1.00E+10
193.818935     1.00E+10     3.75E+07     1.00E+10     3.54E+06
193.822587     5.75E+04     1.00E+10     2.79E+05     1.00E+10
193.824178     1.00E+10     1.43E+07     1.00E+10     3.99E+06
193.828003     5.88E+05     1.00E+10     2.80E+05     1.00E+10
193.829595     1.00E+10     1.22E+07     1.00E+10     4.02E+06
193.833258     9.02E+05     1.00E+10     2.64E+05     1.00E+10
193.834850     1.00E+10     1.76E+07     1.00E+10     3.82E+06
193.838478     1.12E+06     1.00E+10     2.66E+05     1.00E+10
193.840081     1.00E+10     2.62E+07     1.00E+10     3.83E+06
193.843652     -2.10E+05    1.00E+10     2.67E+05     1.00E+10
193.845243     1.00E+10     1.40E+07     1.00E+10     3.85E+06
193.848860     4.45E+05     1.00E+10     2.55E+05     1.00E+10
193.850451     1.00E+10     2.28E+07     1.00E+10     3.64E+06
193.854045     1.40E+06     1.00E+10     2.53E+05     1.00E+10
193.855637     1.00E+10     2.89E+07     1.00E+10     3.63E+06
193.860700     6.68E+05     1.00E+10     2.75E+05     1.00E+10
193.862292     1.00E+10     1.90E+07     1.00E+10     3.96E+06
193.865909     3.47E+05     1.00E+10     2.67E+05     1.00E+10
193.867500     1.00E+10     2.14E+07     1.00E+10     3.85E+06
193.872610     1.97E+05     1.00E+10     2.83E+05     1.00E+10
193.874207     1.00E+10     1.32E+07     1.00E+10     4.07E+06
193.877841     -3.86E+04    1.00E+10     2.69E+05     1.00E+10
193.879433     1.00E+10     1.94E+07     1.00E+10     3.81E+06
193.883027     1.72E+05     1.00E+10     2.72E+05     1.00E+10
193.884618     1.00E+10     2.07E+07     1.00E+10     3.96E+06
193.889705     1.26E+05     1.00E+10     2.71E+05     1.00E+10
193.891296     1.00E+10     1.22E+07     1.00E+10     3.94E+06
193.894864     6.75E+05     1.00E+10     2.63E+05     1.00E+10
193.896458     1.00E+10     1.67E+07     1.00E+10     3.72E+06
193.900052     6.51E+05     1.00E+10     2.56E+05     1.00E+10
193.901644     1.00E+10     2.10E+07     1.00E+10     3.76E+06
193.905203     1.22E+06     1.00E+10     2.58E+05     1.00E+10
193.906794     1.00E+10     1.74E+07     1.00E+10     3.75E+06
193.910411     1.38E+05     1.00E+10     2.71E+05     1.00E+10
193.912002     1.00E+10     1.51E+07     1.00E+10     3.86E+06
193.915608     1.40E+05     1.00E+10     2.66E+05     1.00E+10
193.917203     1.00E+10     1.31E+07     1.00E+10     3.80E+06
193.920793     1.22E+06     1.00E+10     2.51E+05     1.00E+10
193.922384     1.00E+10     2.06E+07     1.00E+10     3.58E+06
193.927471     7.69E+05     1.00E+10     2.47E+05     1.00E+10
193.929062     1.00E+10     2.11E+07     1.00E+10     3.57E+06
193.934253     1.85E+05     1.00E+10     2.75E+05     1.00E+10
193.935845     1.00E+10     1.66E+07     1.00E+10     3.92E+06
193.939381     -2.78E+04    1.00E+10     2.72E+05     1.00E+10
193.940972     1.00E+10     1.47E+07     1.00E+10     3.86E+06
193.944578     1.12E+06     1.00E+10     2.51E+05     1.00E+10
193.946169     1.00E+10     2.26E+07     1.00E+10     3.71E+06
193.949797     5.09E+04     1.00E+10     2.54E+05     1.00E+10
193.951397     1.00E+10     2.04E+07     1.00E+10     3.70E+06
193.956348     2.94E+05     1.00E+10     2.50E+05     1.00E+10
193.957940     1.00E+10     2.23E+07     1.00E+10     3.59E+06
193.961510     -5.05E+05    1.00E+10     2.86E+05     1.00E+10
193.963102     1.00E+10     8.66E+06     1.00E+10     4.07E+06
193.968119     2.94E+05     1.00E+10     2.73E+05     1.00E+10
193.969711     1.00E+10     1.37E+07     1.00E+10     3.96E+06
193.974774     6.61E+05     1.00E+10     2.65E+05     1.00E+10
193.976366     1.00E+10     2.19E+07     1.00E+10     3.78E+06
193.979963     8.41E+05     1.00E+10     2.63E+05     1.00E+10
193.981563     1.00E+10     1.61E+07     1.00E+10     3.79E+06
193.985145     2.27E+05     1.00E+10     2.55E+05     1.00E+10
193.986738     1.00E+10     1.25E+07     1.00E+10     3.65E+06
193.990318     3.00E+05     1.00E+10     2.59E+05     1.00E+10
193.991910     1.00E+10     1.61E+07     1.00E+10     3.69E+06
193.996904     1.29E+06     1.00E+10     2.47E+05     1.00E+10
193.998495     1.00E+10     2.80E+07     1.00E+10     3.56E+06
194.002066     1.90E+05     1.00E+10     2.84E+05     1.00E+10
194.003657     1.00E+10     1.27E+07     1.00E+10     4.07E+06
194.007274     5.07E+05     1.00E+10     2.54E+05     1.00E+10
194.008866     1.00E+10     2.14E+07     1.00E+10     3.68E+06
194.012413     1.55E+03     1.00E+10     2.74E+05     1.00E+10
194.014005     1.00E+10     1.63E+07     1.00E+10     3.92E+06
194.017506     8.95E+05     1.00E+10     2.50E+05     1.00E+10
194.019097     1.00E+10     1.75E+07     1.00E+10     3.61E+06
194.022703     2.20E+05     1.00E+10     2.54E+05     1.00E+10
194.024294     1.00E+10     1.60E+07     1.00E+10     3.62E+06
194.027830     -2.13E+05    1.00E+10     2.82E+05     1.00E+10
194.029421     1.00E+10     6.79E+06     1.00E+10     4.08E+06
194.032911     1.29E+06     1.00E+10     2.45E+05     1.00E+10
194.034502     1.00E+10     1.89E+07     1.00E+10     3.60E+06
194.039392     5.13E+05     1.00E+10     2.58E+05     1.00E+10
194.040984     1.00E+10     1.57E+07     1.00E+10     3.64E+06
194.044508     7.71E+05     1.00E+10     2.52E+05     1.00E+10
194.046100     1.00E+10     2.01E+07     1.00E+10     3.64E+06
194.049624     5.55E+05     1.00E+10     2.68E+05     1.00E+10
194.051215     1.00E+10     2.30E+07     1.00E+10     3.88E+06
194.054844     -4.90E+04    1.00E+10     2.68E+05     1.00E+10
194.056435     1.00E+10     1.09E+07     1.00E+10     3.90E+06
194.060017     6.59E+05     1.00E+10     2.70E+05     1.00E+10
194.061609     1.00E+10     1.35E+07     1.00E+10     3.86E+06
194.065122     4.81E+05     1.00E+10     2.58E+05     1.00E+10
194.066713     1.00E+10     2.08E+07     1.00E+10     3.71E+06
194.070272     2.00E+05     1.00E+10     2.55E+05     1.00E+10
194.071863     1.00E+10     2.01E+07     1.00E+10     3.69E+06
194.075449     7.00E+05     1.00E+10     2.46E+05     1.00E+10
194.077049     1.00E+10     1.88E+07     1.00E+10     3.51E+06
194.080666     2.11E+05     1.00E+10     2.63E+05     1.00E+10
194.082257     1.00E+10     1.70E+07     1.00E+10     3.73E+06
194.085920     3.74E+05     1.00E+10     2.65E+05     1.00E+10
194.087512     1.00E+10     1.36E+07     1.00E+10     3.80E+06
194.092622     4.91E+05     1.00E+10     2.57E+05     1.00E+10
194.094214     1.00E+10     1.47E+07     1.00E+10     3.74E+06
194.097749     3.73E+05     1.00E+10     2.60E+05     1.00E+10
194.099340     1.00E+10     1.77E+07     1.00E+10     3.74E+06
194.102915     1.18E+06     1.00E+10     2.55E+05     1.00E+10
194.104511     1.00E+10     2.18E+07     1.00E+10     3.64E+06
194.109520     1.08E+06     1.00E+10     2.68E+05     1.00E+10
194.111111     1.00E+10     2.57E+07     1.00E+10     3.93E+06
194.114682     1.85E+06     1.00E+10     2.54E+05     1.00E+10
194.116273     1.00E+10     2.90E+07     1.00E+10     3.70E+06
194.119809     5.16E+05     1.00E+10     2.60E+05     1.00E+10
194.121400     1.00E+10     2.18E+07     1.00E+10     3.78E+06
194.125052     4.42E+05     1.00E+10     2.61E+05     1.00E+10
194.126644     1.00E+10     1.39E+07     1.00E+10     3.81E+06
194.131834     2.18E+05     1.00E+10     2.77E+05     1.00E+10
194.133426     1.00E+10     1.61E+07     1.00E+10     4.05E+06
194.136997     7.39E+05     1.00E+10     2.71E+05     1.00E+10
194.138588     1.00E+10     1.27E+07     1.00E+10     3.87E+06
194.142106     8.97E+05     1.00E+10     2.66E+05     1.00E+10
194.143704     1.00E+10     1.52E+07     1.00E+10     3.82E+06
194.147263     1.41E+06     1.00E+10     2.41E+05     1.00E+10
194.148854     1.00E+10     1.97E+07     1.00E+10     3.55E+06
194.152448     -4.39E+05    1.00E+10     3.03E+05     1.00E+10
194.154039     1.00E+10     -2.78E+06    1.00E+10     4.37E+06
194.160677     9.73E+05     1.00E+10     2.60E+05     1.00E+10
194.162269     1.00E+10     1.31E+07     1.00E+10     3.78E+06
194.165864     -1.67E+05    1.00E+10     2.90E+05     1.00E+10
194.167465     1.00E+10     1.68E+07     1.00E+10     4.15E+06
194.171047     4.90E+05     1.00E+10     2.71E+05     1.00E+10
194.172639     1.00E+10     1.66E+07     1.00E+10     3.90E+06
194.177760     -2.30E+05    1.00E+10     2.88E+05     1.00E+10
194.179352     1.00E+10     1.62E+07     1.00E+10     4.14E+06
194.182907     1.02E+06     1.00E+10     2.62E+05     1.00E+10
194.184502     1.00E+10     2.52E+07     1.00E+10     3.67E+06
194.189427     4.87E+05     1.00E+10     2.62E+05     1.00E+10
194.191019     1.00E+10     3.37E+07     1.00E+10     3.77E+06
194.194619     3.36E+06     1.00E+10     2.45E+05     1.00E+10
194.196215     1.00E+10     3.77E+07     1.00E+10     3.50E+06
194.199797     1.41E+06     1.00E+10     2.53E+05     1.00E+10
194.201389     1.00E+10     1.74E+07     1.00E+10     3.56E+06
194.204936     8.22E+04     1.00E+10     2.59E+05     1.00E+10
194.206528     1.00E+10     2.73E+07     1.00E+10     3.76E+06
194.210122     7.87E+04     1.00E+10     2.79E+05     1.00E+10
194.211713     1.00E+10     1.32E+07     1.00E+10     3.97E+06
194.218385     1.19E+05     1.00E+10     2.60E+05     1.00E+10
194.219980     1.00E+10     1.18E+07     1.00E+10     3.72E+06
194.223571     6.85E+05     1.00E+10     2.65E+05     1.00E+10
194.225162     1.00E+10     1.00E+07     1.00E+10     3.84E+06
194.228779     7.58E+05     1.00E+10     2.42E+05     1.00E+10
194.230370     1.00E+10     1.75E+07     1.00E+10     3.52E+06
194.235480     -2.70E+05    1.00E+10     2.85E+05     1.00E+10
194.237072     1.00E+10     2.74E+06     1.00E+10     4.10E+06
194.240694     1.74E+05     1.00E+10     2.71E+05     1.00E+10
194.242292     1.00E+10     1.65E+07     1.00E+10     3.87E+06
194.245885     8.80E+05     1.00E+10     2.28E+05     1.00E+10
194.247477     1.00E+10     2.46E+07     1.00E+10     3.34E+06
194.250994     7.34E+04     1.00E+10     2.67E+05     1.00E+10
194.252593     1.00E+10     1.00E+07     1.00E+10     3.83E+06
194.256140     8.34E+05     1.00E+10     2.45E+05     1.00E+10
194.257731     1.00E+10     2.37E+07     1.00E+10     3.47E+06
194.261339     2.43E+05     1.00E+10     2.59E+05     1.00E+10
194.262940     1.00E+10     2.12E+07     1.00E+10     3.76E+06
194.266499     8.93E+04     1.00E+10     2.61E+05     1.00E+10
194.268090     1.00E+10     2.57E+07     1.00E+10     3.74E+06
194.271661     1.90E+06     1.00E+10     2.44E+05     1.00E+10
194.273252     1.00E+10     2.51E+07     1.00E+10     3.49E+06
194.276858     7.72E+05     1.00E+10     2.74E+05     1.00E+10
194.278449     1.00E+10     3.44E+07     1.00E+10     3.89E+06
194.283501     9.39E+05     1.00E+10     2.66E+05     1.00E+10
194.285093     1.00E+10     2.36E+07     1.00E+10     3.84E+06
194.290214     9.99E+05     1.00E+10     2.87E+05     1.00E+10
194.291806     1.00E+10     3.92E+07     1.00E+10     4.11E+06
194.295422     1.55E+06     1.00E+10     2.55E+05     1.00E+10
194.297014     1.00E+10     5.81E+07     1.00E+10     3.64E+06
194.300584     2.85E+05     1.00E+10     2.94E+05     1.00E+10
194.302176     1.00E+10     1.12E+07     1.00E+10     4.24E+06
194.305793     -5.52E+04    1.00E+10     3.01E+05     1.00E+10
194.307384     1.00E+10     2.16E+07     1.00E+10     4.33E+06
194.311001     9.25E+05     1.00E+10     2.77E+05     1.00E+10
194.312593     1.00E+10     4.12E+07     1.00E+10     4.02E+06
194.316140     9.71E+05     1.00E+10     2.75E+05     1.00E+10
194.317731     1.00E+10     3.49E+07     1.00E+10     3.97E+06
194.321337     2.11E+06     1.00E+10     2.64E+05     1.00E+10
194.322928     1.00E+10     6.63E+07     1.00E+10     3.84E+06
194.328027     1.56E+06     1.00E+10     2.81E+05     1.00E+10
194.329619     1.00E+10     2.60E+07     1.00E+10     4.05E+06
194.333260     1.87E+06     1.00E+10     2.78E+05     1.00E+10
194.334861     1.00E+10     6.18E+07     1.00E+10     3.94E+06
194.338466     3.11E+06     1.00E+10     2.98E+05     1.00E+10
194.340058     1.00E+10     8.17E+07     1.00E+10     4.29E+06
194.343709     5.73E+06     1.00E+10     2.94E+05     1.00E+10
194.345301     1.00E+10     1.03E+08     1.00E+10     4.30E+06
194.348895     2.38E+06     1.00E+10     2.91E+05     1.00E+10
194.350486     1.00E+10     6.00E+07     1.00E+10     4.22E+06
194.354833     2.67E+06     1.00E+10     3.04E+05     1.00E+10
194.356434     1.00E+10     8.46E+07     1.00E+10     4.37E+06
194.368825     1.81E+06     1.00E+10     3.27E+05     1.00E+10
194.370425     1.00E+10     5.95E+07     1.00E+10     4.72E+06
194.374114     4.61E+06     1.00E+10     3.20E+05     1.00E+10
194.375706     1.00E+10     8.52E+07     1.00E+10     4.67E+06
194.379358     4.05E+06     1.00E+10     3.06E+05     1.00E+10
194.380960     1.00E+10     1.37E+08     1.00E+10     4.46E+06
194.384554     3.00E+06     1.00E+10     3.39E+05     1.00E+10
194.386151     1.00E+10     1.69E+08     1.00E+10     4.92E+06
194.391209     3.45E+06     1.00E+10     3.49E+05     1.00E+10
194.392801     1.00E+10     9.64E+07     1.00E+10     4.92E+06
194.396429     6.19E+06     1.00E+10     3.46E+05     1.00E+10
194.398021     1.00E+10     1.19E+08     1.00E+10     5.09E+06
194.401649     4.66E+06     1.00E+10     3.46E+05     1.00E+10
194.403241     1.00E+10     1.39E+08     1.00E+10     4.97E+06
194.406846     1.05E+07     1.00E+10     3.55E+05     1.00E+10
194.408438     1.00E+10     1.60E+08     1.00E+10     5.15E+06
194.412020     3.71E+06     1.00E+10     3.40E+05     1.00E+10
194.413611     1.00E+10     1.36E+08     1.00E+10     4.88E+06
194.417216     1.18E+07     1.00E+10     3.61E+05     1.00E+10
194.418808     1.00E+10     1.94E+08     1.00E+10     5.28E+06
194.422413     5.45E+06     1.00E+10     4.12E+05     1.00E+10
194.424005     1.00E+10     1.63E+08     1.00E+10     5.84E+06
194.429091     6.32E+06     1.00E+10     4.07E+05     1.00E+10
194.430683     1.00E+10     2.52E+08     1.00E+10     5.50E+06
194.434311     5.14E+06     1.00E+10     4.40E+05     1.00E+10
194.435903     1.00E+10     1.54E+08     1.00E+10     6.65E+06
194.439527     2.26E+06     1.00E+10     4.35E+05     1.00E+10
