cases/OP3/data/leeds-fage_bukit-atur_20080706_version3.na
37 1001
"Furneaux, Kate "
"School of Chemistry, University of Leeds, UK"
"FAGE OH and HO2 data from Bukit Atur, Danum valley"
OP3 campaign 3
1  1
2008 07 06 2009 01 19
0
Time (days since 2008-01-01 00:00:00+00.00 LOCAL_TIME(GMT+8))
4
1.0 1.0 1.0 1.0
10000000000 10000000000 10000000000 10000000000
OH (molecule cm-3)
HO2 (molecule cm-3)
OH Limit of detection (molecule cm-3)
HO2 Limit of detection (molecule cm-3)
0
19
University of Leeds FAGE OH and HO2 data version 2
"Instrument inlet was located on the FAGE container roof, approx height = 5 m, elevated nitric oxide from FAGE exhaust, please contact L.K.Whalley@leeds.ac.uk, Tel:+44 113 3436550 before using data"
Data integration period is 120 seconds until 18/07/2008 16:39
Data integration period is 180 seconds from 18/07/2008 16:49
Data is taken at 10 s time intervals which is integrated to 120 or 180 s time period
Time is average time for integration period
Time in LOCAL_TIME(GMT+8)
"Time = days since 2008-01-01 (e.g.01/01/2008_00:00=0, 06/07/2008_00:00=187) "
OH units = molecule cm-3
OH Limit of detection units = molecule cm-3
HO2 units = molecule cm-3
HO2 Limit of detection units = molecule cm-3
[OH] 2 sigma standard deviation = 44%
[HO2] 2 sigma standard deviation = 50%
This file ends = 2008 07 18
Contact Lisa Whalley prior to use:
"L.K.Whalley@leeds.ac.uk, Tel:+44 113 3436550"
"FAGE Group, School of Chemistry, University of Leeds, LS2 9JT. "
Time_(days_since_2008-01-01_00:00:00_+_00.00_LOCAL_TIME(GMT+8)) OH_(molecule_cm-3) HO2_(molecule_cm-3) OH_Limit_of_detection_(molecule_cm-3) HO2_Limit_of_detection_(molecule_cm-3)
[from data line 3048]
196.828053     1.27E+05     1.00E+10     2.55E+05     1.00E+10
196.829653     1.00E+10     9.55E+06     1.00E+10     3.63E+06
196.833480     5.51E+05     1.00E+10     2.55E+05     1.00E+10
196.835082     1.00E+10     1.36E+07     1.00E+10     3.63E+06
196.842089     -5.26E+05    1.00E+10     2.90E+05     1.00E+10
196.843692     1.00E+10     6.34E+06     1.00E+10     4.17E+06
196.847509     5.57E+04     1.00E+10     2.77E+05     1.00E+10
196.849111     1.00E+10     7.11E+06     1.00E+10     3.96E+06
196.852921     3.87E+05     1.00E+10     2.57E+05     1.00E+10
196.854525     1.00E+10     1.39E+07     1.00E+10     3.72E+06
196.858274     2.35E+05     1.00E+10     2.57E+05     1.00E+10
196.859873     1.00E+10     1.23E+07     1.00E+10     3.70E+06
196.863678     -4.08E+04    1.00E+10     2.69E+05     1.00E+10
196.865282     1.00E+10     4.88E+06     1.00E+10     3.88E+06
196.869082     4.07E+05     1.00E+10     2.50E+05     1.00E+10
196.870683     1.00E+10     2.68E+07     1.00E+10     3.51E+06
196.874515     -1.64E+05    1.00E+10     2.66E+05     1.00E+10
196.876111     1.00E+10     1.47E+07     1.00E+10     3.90E+06
196.879913     4.64E+05     1.00E+10     2.61E+05     1.00E+10
196.881512     1.00E+10     1.48E+07     1.00E+10     3.74E+06
196.886849     4.81E+04     1.00E+10     2.80E+05     1.00E+10
196.888450     1.00E+10     4.70E+06     1.00E+10     3.98E+06
196.895318     6.61E+05     1.00E+10     2.41E+05     1.00E+10
196.896920     1.00E+10     1.56E+07     1.00E+10     3.52E+06
196.903900     -3.33E+04    1.00E+10     2.75E+05     1.00E+10
196.905498     1.00E+10     7.31E+06     1.00E+10     3.96E+06
196.910890     6.36E+05     1.00E+10     2.41E+05     1.00E+10
196.912488     1.00E+10     1.33E+07     1.00E+10     3.58E+06
196.916293     -4.48E+05    1.00E+10     2.78E+05     1.00E+10
196.917894     1.00E+10     3.32E+06     1.00E+10     3.96E+06
196.921719     2.82E+05     1.00E+10     2.47E+05     1.00E+10
196.923319     1.00E+10     1.67E+07     1.00E+10     3.66E+06
196.927089     2.12E+05     1.00E+10     2.60E+05     1.00E+10
196.928691     1.00E+10     1.30E+07     1.00E+10     3.74E+06
196.932474     7.07E+05     1.00E+10     2.55E+05     1.00E+10
196.934074     1.00E+10     1.61E+07     1.00E+10     3.72E+06
196.937892     3.72E+05     1.00E+10     2.44E+05     1.00E+10
196.939492     1.00E+10     1.88E+07     1.00E+10     3.49E+06
196.943270     -4.50E+05    1.00E+10     2.96E+05     1.00E+10
196.944873     1.00E+10     3.13E+06     1.00E+10     4.26E+06
196.948613     -2.76E+05    1.00E+10     3.01E+05     1.00E+10
196.950209     1.00E+10     1.08E+06     1.00E+10     4.20E+06
196.953987     8.37E+05     1.00E+10     2.41E+05     1.00E+10
196.955590     1.00E+10     1.72E+07     1.00E+10     3.48E+06
196.959391     9.41E+05     1.00E+10     2.51E+05     1.00E+10
196.960984     1.00E+10     2.21E+07     1.00E+10     3.53E+06
196.964835     6.78E+04     1.00E+10     2.67E+05     1.00E+10
196.966437     1.00E+10     1.19E+07     1.00E+10     3.81E+06
196.970284     1.03E+06     1.00E+10     2.59E+05     1.00E+10
196.971880     1.00E+10     2.17E+07     1.00E+10     3.78E+06
196.975731     1.19E+06     1.00E+10     2.59E+05     1.00E+10
196.977331     1.00E+10     2.01E+07     1.00E+10     3.65E+06
196.982884     1.88E+06     1.00E+10     2.39E+05     1.00E+10
196.984481     1.00E+10     4.50E+07     1.00E+10     3.48E+06
196.988319     9.57E+05     1.00E+10     2.60E+05     1.00E+10
196.989919     1.00E+10     1.46E+07     1.00E+10     3.76E+06
196.993791     8.16E+05     1.00E+10     2.70E+05     1.00E+10
196.995388     1.00E+10     9.54E+06     1.00E+10     3.85E+06
197.005971     1.04E+06     1.00E+10     2.50E+05     1.00E+10
197.007569     1.00E+10     1.15E+07     1.00E+10     3.63E+06
197.011407     3.89E+05     1.00E+10     2.81E+05     1.00E+10
197.013011     1.00E+10     6.47E+05     1.00E+10     4.08E+06
197.018471     8.13E+05     1.00E+10     2.40E+05     1.00E+10
197.020073     1.00E+10     1.35E+07     1.00E+10     3.54E+06
197.023936     7.11E+05     1.00E+10     2.47E+05     1.00E+10
197.025538     1.00E+10     2.19E+07     1.00E+10     3.54E+06
197.029404     -1.51E+05    1.00E+10     2.80E+05     1.00E+10
197.031007     1.00E+10     9.07E+06     1.00E+10     4.07E+06
197.034855     8.49E+05     1.00E+10     2.58E+05     1.00E+10
197.036455     1.00E+10     2.13E+07     1.00E+10     3.77E+06
197.040290     7.30E+05     1.00E+10     2.69E+05     1.00E+10
197.041889     1.00E+10     2.13E+07     1.00E+10     3.86E+06
197.045752     8.29E+05     1.00E+10     2.52E+05     1.00E+10
197.047350     1.00E+10     1.31E+07     1.00E+10     3.67E+06
197.051186     1.26E+06     1.00E+10     2.28E+05     1.00E+10
197.052789     1.00E+10     2.28E+07     1.00E+10     3.27E+06
197.056625     5.54E+05     1.00E+10     2.59E+05     1.00E+10
197.058218     1.00E+10     1.73E+07     1.00E+10     3.70E+06
197.062112     8.82E+05     1.00E+10     2.66E+05     1.00E+10
197.063712     1.00E+10     1.81E+07     1.00E+10     3.91E+06
197.069209     6.04E+05     1.00E+10     2.75E+05     1.00E+10
197.070810     1.00E+10     1.09E+07     1.00E+10     3.92E+06
197.074607     1.11E+06     1.00E+10     2.54E+05     1.00E+10
197.076206     1.00E+10     2.32E+07     1.00E+10     3.68E+06
197.081642     6.96E+05     1.00E+10     2.67E+05     1.00E+10
197.083241     1.00E+10     1.53E+07     1.00E+10     3.75E+06
197.087075     5.80E+05     1.00E+10     2.54E+05     1.00E+10
197.088669     1.00E+10     1.01E+07     1.00E+10     3.68E+06
197.095741     4.14E+05     1.00E+10     2.45E+05     1.00E+10
197.097338     1.00E+10     4.65E+06     1.00E+10     3.60E+06
197.104462     5.11E+05     1.00E+10     2.53E+05     1.00E+10
197.106064     1.00E+10     1.86E+07     1.00E+10     3.53E+06
197.113142     -9.50E+04    1.00E+10     2.69E+05     1.00E+10
197.114737     1.00E+10     7.03E+06     1.00E+10     3.89E+06
197.118549     4.93E+03     1.00E+10     2.81E+05     1.00E+10
197.120157     1.00E+10     1.35E+07     1.00E+10     4.06E+06
197.124022     -3.40E+04    1.00E+10     2.68E+05     1.00E+10
197.125625     1.00E+10     1.17E+07     1.00E+10     3.96E+06
197.129444     4.32E+05     1.00E+10     2.53E+05     1.00E+10
197.131044     1.00E+10     1.88E+07     1.00E+10     3.72E+06
197.136389     1.09E+06     1.00E+10     2.36E+05     1.00E+10
197.137990     1.00E+10     2.21E+07     1.00E+10     3.39E+06
197.141799     -1.69E+05    1.00E+10     2.75E+05     1.00E+10
197.143396     1.00E+10     7.76E+06     1.00E+10     3.94E+06
197.147216     5.57E+05     1.00E+10     2.51E+05     1.00E+10
197.148814     1.00E+10     1.46E+07     1.00E+10     3.67E+06
197.152621     4.77E+05     1.00E+10     2.60E+05     1.00E+10
197.154221     1.00E+10     1.12E+07     1.00E+10     3.76E+06
197.158012     9.35E+04     1.00E+10     2.77E+05     1.00E+10
197.159610     1.00E+10     4.53E+06     1.00E+10     4.00E+06
197.163409     -3.03E+05    1.00E+10     2.87E+05     1.00E+10
197.165011     1.00E+10     3.28E+05     1.00E+10     4.13E+06
197.168878     8.40E+05     1.00E+10     2.64E+05     1.00E+10
197.170475     1.00E+10     1.65E+07     1.00E+10     3.85E+06
197.175943     3.85E+05     1.00E+10     2.73E+05     1.00E+10
197.177537     1.00E+10     1.69E+07     1.00E+10     3.89E+06
197.181401     1.23E+06     1.00E+10     2.43E+05     1.00E+10
197.183000     1.00E+10     3.24E+07     1.00E+10     3.55E+06
197.186855     1.17E+06     1.00E+10     2.29E+05     1.00E+10
197.188454     1.00E+10     2.04E+07     1.00E+10     3.30E+06
197.195596     1.94E+05     1.00E+10     2.68E+05     1.00E+10
197.197188     1.00E+10     1.34E+07     1.00E+10     3.93E+06
197.201071     9.31E+05     1.00E+10     2.38E+05     1.00E+10
197.202668     1.00E+10     2.29E+07     1.00E+10     3.37E+06
197.206532     -3.58E+05    1.00E+10     2.97E+05     1.00E+10
197.208125     1.00E+10     6.37E+06     1.00E+10     4.25E+06
197.211973     5.30E+04     1.00E+10     2.88E+05     1.00E+10
197.213575     1.00E+10     -1.20E+06    1.00E+10     4.13E+06
197.217390     7.15E+05     1.00E+10     2.43E+05     1.00E+10
197.218989     1.00E+10     1.12E+07     1.00E+10     3.53E+06
197.224494     9.48E+05     1.00E+10     2.63E+05     1.00E+10
197.226107     1.00E+10     1.48E+07     1.00E+10     3.77E+06
197.229930     3.22E+05     1.00E+10     2.69E+05     1.00E+10
197.231528     1.00E+10     2.09E+07     1.00E+10     3.90E+06
197.235367     5.09E+05     1.00E+10     2.80E+05     1.00E+10
197.236973     1.00E+10     9.70E+05     1.00E+10     4.03E+06
197.240758     -1.80E+05    1.00E+10     2.84E+05     1.00E+10
197.242359     1.00E+10     5.91E+06     1.00E+10     4.14E+06
197.246164     -2.17E+05    1.00E+10     2.94E+05     1.00E+10
197.247771     1.00E+10     7.75E+06     1.00E+10     4.22E+06
197.251602     3.53E+05     1.00E+10     2.87E+05     1.00E+10
197.253203     1.00E+10     7.98E+06     1.00E+10     4.10E+06
197.256966     8.83E+05     1.00E+10     2.69E+05     1.00E+10
197.258565     1.00E+10     1.41E+07     1.00E+10     3.95E+06
197.265599     6.67E+05     1.00E+10     2.70E+05     1.00E+10
197.267200     1.00E+10     2.08E+07     1.00E+10     3.82E+06
197.271001     1.58E+06     1.00E+10     2.66E+05     1.00E+10
197.272602     1.00E+10     1.09E+07     1.00E+10     3.95E+06
197.277913     2.02E+06     1.00E+10     2.68E+05     1.00E+10
197.279516     1.00E+10     2.89E+07     1.00E+10     3.87E+06
197.283275     7.91E+05     1.00E+10     2.79E+05     1.00E+10
197.284878     1.00E+10     1.75E+07     1.00E+10     4.10E+06
197.288709     8.01E+05     1.00E+10     3.06E+05     1.00E+10
197.290306     1.00E+10     3.16E+07     1.00E+10     4.33E+06
197.294094     2.83E+06     1.00E+10     2.36E+05     1.00E+10
197.295695     1.00E+10     4.17E+07     1.00E+10     3.46E+06
197.299542     2.28E+06     1.00E+10     2.64E+05     1.00E+10
197.301137     1.00E+10     4.75E+07     1.00E+10     3.83E+06
197.306576     2.15E+06     1.00E+10     2.53E+05     1.00E+10
197.308178     1.00E+10     4.00E+07     1.00E+10     3.63E+06
197.311985     6.13E+05     1.00E+10     2.83E+05     1.00E+10
197.313584     1.00E+10     2.41E+07     1.00E+10     4.18E+06
197.320511     1.18E+06     1.00E+10     2.88E+05     1.00E+10
197.322112     1.00E+10     5.07E+07     1.00E+10     4.14E+06
197.327434     4.42E+06     1.00E+10     2.82E+05     1.00E+10
197.329038     1.00E+10     3.90E+07     1.00E+10     4.02E+06
197.334574     1.34E+06     1.00E+10     3.11E+05     1.00E+10
197.336173     1.00E+10     4.43E+07     1.00E+10     4.46E+06
197.340060     1.97E+06     1.00E+10     3.46E+05     1.00E+10
197.341664     1.00E+10     3.80E+07     1.00E+10     4.77E+06
197.345550     2.15E+06     1.00E+10     3.20E+05     1.00E+10
197.347152     1.00E+10     3.89E+07     1.00E+10     4.70E+06
197.351016     1.01E+06     1.00E+10     3.33E+05     1.00E+10
197.352618     1.00E+10     6.72E+07     1.00E+10     4.83E+06
197.356741     1.10E+06     1.00E+10     3.96E+05     1.00E+10
197.358339     1.00E+10     3.98E+07     1.00E+10     5.65E+06
197.362229     1.35E+06     1.00E+10     3.44E+05     1.00E+10
197.363831     1.00E+10     8.82E+07     1.00E+10     4.88E+06
197.367709     1.31E+06     1.00E+10     3.61E+05     1.00E+10
197.369317     1.00E+10     7.91E+07     1.00E+10     5.45E+06
197.373154     2.07E+06     1.00E+10     3.59E+05     1.00E+10
197.374753     1.00E+10     7.76E+07     1.00E+10     5.13E+06
197.378587     2.73E+06     1.00E+10     3.93E+05     1.00E+10
197.380186     1.00E+10     5.36E+07     1.00E+10     5.62E+06
197.383986     1.81E+06     1.00E+10     3.95E+05     1.00E+10
197.385581     1.00E+10     9.14E+07     1.00E+10     5.76E+06
197.389440     3.93E+06     1.00E+10     3.74E+05     1.00E+10
197.391042     1.00E+10     1.39E+08     1.00E+10     5.48E+06
197.394878     7.60E+06     1.00E+10     3.95E+05     1.00E+10
197.396481     1.00E+10     6.60E+07     1.00E+10     5.92E+06
197.400328     3.15E+06     1.00E+10     4.10E+05     1.00E+10
197.401932     1.00E+10     7.85E+07     1.00E+10     5.98E+06
197.405751     6.31E+06     1.00E+10     4.08E+05     1.00E+10
197.407358     1.00E+10     9.80E+07     1.00E+10     5.81E+06
197.411123     3.04E+06     1.00E+10     3.80E+05     1.00E+10
197.412727     1.00E+10     2.18E+08     1.00E+10     5.78E+06
197.416517     4.03E+06     1.00E+10     4.32E+05     1.00E+10
197.418125     1.00E+10     1.09E+08     1.00E+10     6.14E+06
197.421892     6.45E+06     1.00E+10     3.99E+05     1.00E+10
197.423489     1.00E+10     1.85E+08     1.00E+10     6.16E+06
197.427308     1.65E+06     1.00E+10     4.42E+05     1.00E+10
197.428903     1.00E+10     7.26E+07     1.00E+10     6.09E+06
197.432760     8.10E+06     1.00E+10     4.21E+05     1.00E+10
197.434363     1.00E+10     1.48E+08     1.00E+10     6.51E+06
197.438184     3.16E+06     1.00E+10     4.86E+05     1.00E+10
197.439786     1.00E+10     2.28E+08     1.00E+10     7.15E+06
197.443619     5.94E+06     1.00E+10     4.65E+05     1.00E+10
197.445222     1.00E+10     1.71E+08     1.00E+10     6.82E+06
197.449034     2.47E+06     1.00E+10     4.81E+05     1.00E+10
197.450637     1.00E+10     1.17E+08     1.00E+10     7.08E+06
197.454461     5.07E+06     1.00E+10     4.75E+05     1.00E+10
197.456059     1.00E+10     1.17E+08     1.00E+10     6.44E+06
197.459888     9.52E+06     1.00E+10     4.45E+05     1.00E+10
197.461486     1.00E+10     1.68E+08     1.00E+10     5.63E+06
197.465266     3.27E+06     1.00E+10     5.04E+05     1.00E+10
197.466864     1.00E+10     8.34E+07     1.00E+10     6.53E+06
197.470743     4.14E+06     1.00E+10     5.20E+05     1.00E+10
197.472346     1.00E+10     2.22E+08     1.00E+10     8.23E+06
197.476201     8.44E+06     1.00E+10     5.20E+05     1.00E+10
197.477801     1.00E+10     1.77E+08     1.00E+10     7.71E+06
197.481636     6.46E+06     1.00E+10     5.60E+05     1.00E+10
197.483238     1.00E+10     1.05E+08     1.00E+10     7.69E+06
197.487062     3.66E+06     1.00E+10     5.87E+05     1.00E+10
197.488661     1.00E+10     1.96E+08     1.00E+10     9.33E+06
197.494199     6.28E+05     1.00E+10     6.34E+05     1.00E+10
197.495802     1.00E+10     1.03E+08     1.00E+10     6.54E+06
197.499663     1.00E+10     1.00E+10     1.00E+10     1.00E+10
197.501263     1.00E+10     2.36E+08     1.00E+10     1.43E+07
197.505097     7.02E+06     1.00E+10     1.02E+06     1.00E+10
197.506700     1.00E+10     1.48E+08     1.00E+10     1.43E+07
197.510560     2.31E+06     1.00E+10     9.23E+05     1.00E+10
197.512164     1.00E+10     1.82E+08     1.00E+10     1.19E+07
197.516016     6.77E+06     1.00E+10     7.14E+05     1.00E+10
197.517622     1.00E+10     1.79E+08     1.00E+10     9.56E+06
197.521503     1.00E+10     1.00E+10     1.00E+10     1.00E+10
197.523102     1.00E+10     7.73E+07     1.00E+10     9.94E+06
197.526973     3.49E+06     1.00E+10     4.80E+05     1.00E+10
197.528576     1.00E+10     9.36E+07     1.00E+10     5.77E+06
197.535595     1.40E+06     1.00E+10     4.86E+05     1.00E+10
197.537192     1.00E+10     6.44E+07     1.00E+10     7.05E+06
197.541070     6.48E+05     1.00E+10     5.08E+05     1.00E+10
197.542670     1.00E+10     3.85E+07     1.00E+10     6.84E+06
197.549719     1.89E+06     1.00E+10     4.46E+05     1.00E+10
197.551323     1.00E+10     6.17E+07     1.00E+10     6.60E+06
197.555186     8.04E+05     1.00E+10     4.05E+05     1.00E+10
197.556782     1.00E+10     2.80E+07     1.00E+10     5.77E+06
197.615486     1.26E+06     1.00E+10     4.64E+05     1.00E+10
197.617092     1.00E+10     4.96E+07     1.00E+10     6.75E+06
197.620946     2.09E+06     1.00E+10     4.12E+05     1.00E+10
197.622552     1.00E+10     1.07E+08     1.00E+10     5.91E+06
197.626421     2.60E+06     1.00E+10     4.11E+05     1.00E+10
197.628029     1.00E+10     1.09E+08     1.00E+10     5.73E+06
197.631924     5.74E+05     1.00E+10     4.17E+05     1.00E+10
