cases/OP3/data/leeds-fage_bukit-atur_20080706_version3.na
37 1001
"Furneaux, Kate "
"School of Chemistry, University of Leeds, UK"
"FAGE OH and HO2 data from Bukit Atur, Danum valley"
OP3 campaign 3
1  1
2008 07 06 2009 01 19
0
Time (days since 2008-01-01 00:00:00+00.00 LOCAL_TIME(GMT+8))
4
1.0 1.0 1.0 1.0
10000000000 10000000000 10000000000 10000000000
OH (molecule cm-3)
HO2 (molecule cm-3)
OH Limit of detection (molecule cm-3)
HO2 Limit of detection (molecule cm-3)
0
19
University of Leeds FAGE OH and HO2 data version 2
"Instrument inlet was located on the FAGE container roof, approx height = 5 m, elevated nitric oxide from FAGE exhaust, please contact L.K.Whalley@leeds.ac.uk, Tel:+44 113 3436550 before using data"
Data integration period is 120 seconds until 18/07/2008 16:39
Data integration period is 180 seconds from 18/07/2008 16:49
Data is taken at 10 s time intervals which is integrated to 120 or 180 s time period
Time is average time for integration period
Time in LOCAL_TIME(GMT+8)
"Time = days since 2008-01-01 (e.g.01/01/2008_00:00=0, 06/07/2008_00:00=187) "
OH units = molecule cm-3
OH Limit of detection units = molecule cm-3
HO2 units = molecule cm-3
HO2 Limit of detection units = molecule cm-3
[OH] 2 sigma standard deviation = 44%
[HO2] 2 sigma standard deviation = 50%
This file ends = 2008 07 18
Contact Lisa Whalley prior to use:
"L.K.Whalley@leeds.ac.uk, Tel:+44 113 3436550"
"FAGE Group, School of Chemistry, University of Leeds, LS2 9JT. "
Time_(days_since_2008-01-01_00:00:00_+_00.00_LOCAL_TIME(GMT+8)) OH_(molecule_cm-3) HO2_(molecule_cm-3) OH_Limit_of_detection_(molecule_cm-3) HO2_Limit_of_detection_(molecule_cm-3)
[from data line 2794]
196.029470     2.29E+06     1.00E+10     3.57E+05     1.00E+10
196.031073     1.00E+10     4.90E+07     1.00E+10     5.13E+06
196.034916     -2.98E+05    1.00E+10     4.14E+05     1.00E+10
196.036521     1.00E+10     -1.21E+06    1.00E+10     5.97E+06
196.040317     2.97E+06     1.00E+10     3.47E+05     1.00E+10
196.041926     1.00E+10     2.74E+07     1.00E+10     5.02E+06
196.045694     1.43E+06     1.00E+10     3.64E+05     1.00E+10
196.047303     1.00E+10     2.59E+07     1.00E+10     5.23E+06
196.051101     -3.59E+05    1.00E+10     4.03E+05     1.00E+10
196.052710     1.00E+10     1.51E+07     1.00E+10     5.85E+06
196.056521     1.77E+06     1.00E+10     3.33E+05     1.00E+10
196.058126     1.00E+10     4.51E+07     1.00E+10     4.80E+06
196.061843     1.89E+06     1.00E+10     3.50E+05     1.00E+10
196.063448     1.00E+10     3.54E+07     1.00E+10     5.06E+06
196.067162     6.37E+05     1.00E+10     3.61E+05     1.00E+10
196.068772     1.00E+10     1.28E+07     1.00E+10     5.19E+06
196.072520     1.38E+06     1.00E+10     3.54E+05     1.00E+10
196.074128     1.00E+10     3.16E+07     1.00E+10     5.06E+06
196.077830     6.49E+05     1.00E+10     3.69E+05     1.00E+10
196.079438     1.00E+10     1.98E+07     1.00E+10     5.33E+06
196.083166     1.08E+06     1.00E+10     3.42E+05     1.00E+10
196.084775     1.00E+10     3.03E+07     1.00E+10     4.97E+06
196.088473     1.03E+06     1.00E+10     3.68E+05     1.00E+10
196.090082     1.00E+10     1.73E+07     1.00E+10     5.35E+06
196.093822     3.21E+06     1.00E+10     3.10E+05     1.00E+10
196.095438     1.00E+10     4.63E+07     1.00E+10     4.47E+06
196.099162     1.99E+06     1.00E+10     3.51E+05     1.00E+10
196.100768     1.00E+10     3.59E+07     1.00E+10     5.00E+06
196.104478     1.00E+10     1.00E+10     1.00E+10     1.00E+10
196.106086     1.00E+10     1.00E+10     1.00E+10     1.00E+10
196.109863     8.67E+05     1.00E+10     3.55E+05     1.00E+10
196.111473     1.00E+10     2.34E+07     1.00E+10     5.05E+06
196.115196     3.46E+05     1.00E+10     3.43E+05     1.00E+10
196.116800     1.00E+10     1.89E+07     1.00E+10     4.92E+06
196.122053     1.69E+06     1.00E+10     3.51E+05     1.00E+10
196.123662     1.00E+10     3.54E+07     1.00E+10     5.05E+06
196.128884     2.08E+05     1.00E+10     3.61E+05     1.00E+10
196.130486     1.00E+10     2.77E+07     1.00E+10     5.16E+06
196.134230     7.10E+05     1.00E+10     3.36E+05     1.00E+10
196.135833     1.00E+10     2.06E+07     1.00E+10     4.86E+06
196.139579     3.31E+06     1.00E+10     3.36E+05     1.00E+10
196.141181     1.00E+10     4.01E+07     1.00E+10     4.79E+06
196.144860     1.07E+06     1.00E+10     3.44E+05     1.00E+10
196.146466     1.00E+10     3.09E+07     1.00E+10     5.02E+06
196.150176     4.05E+05     1.00E+10     3.58E+05     1.00E+10
196.151781     1.00E+10     2.54E+07     1.00E+10     5.21E+06
196.155594     8.87E+05     1.00E+10     3.42E+05     1.00E+10
196.157203     1.00E+10     2.68E+07     1.00E+10     4.95E+06
196.160997     1.59E+06     1.00E+10     3.42E+05     1.00E+10
196.162606     1.00E+10     3.34E+07     1.00E+10     4.90E+06
196.167821     -2.68E+04    1.00E+10     3.67E+05     1.00E+10
196.169421     1.00E+10     5.08E+06     1.00E+10     5.23E+06
196.173177     -3.45E+05    1.00E+10     3.66E+05     1.00E+10
196.174779     1.00E+10     1.65E+06     1.00E+10     5.27E+06
196.178571     5.85E+05     1.00E+10     3.69E+05     1.00E+10
196.180178     1.00E+10     1.92E+07     1.00E+10     5.43E+06
196.185474     3.06E+05     1.00E+10     3.37E+05     1.00E+10
196.187077     1.00E+10     1.99E+07     1.00E+10     4.91E+06
196.192405     1.06E+06     1.00E+10     3.45E+05     1.00E+10
196.194005     1.00E+10     2.31E+07     1.00E+10     4.95E+06
196.199177     3.25E+06     1.00E+10     3.38E+05     1.00E+10
196.200780     1.00E+10     4.08E+07     1.00E+10     4.85E+06
196.204492     6.32E+05     1.00E+10     3.45E+05     1.00E+10
196.206096     1.00E+10     1.65E+07     1.00E+10     5.07E+06
196.209911     1.60E+06     1.00E+10     3.37E+05     1.00E+10
196.211517     1.00E+10     3.68E+07     1.00E+10     4.88E+06
196.215251     1.20E+06     1.00E+10     3.29E+05     1.00E+10
196.216852     1.00E+10     2.95E+07     1.00E+10     4.67E+06
196.222079     8.65E+05     1.00E+10     3.65E+05     1.00E+10
196.223681     1.00E+10     1.75E+07     1.00E+10     5.26E+06
196.227413     -3.60E+05    1.00E+10     3.77E+05     1.00E+10
196.229015     1.00E+10     4.37E+06     1.00E+10     5.39E+06
196.232802     2.52E+06     1.00E+10     3.67E+05     1.00E+10
196.234404     1.00E+10     3.11E+07     1.00E+10     5.35E+06
196.238318     -5.16E+04    1.00E+10     3.75E+05     1.00E+10
196.239927     1.00E+10     5.16E+06     1.00E+10     5.44E+06
196.243672     1.38E+06     1.00E+10     3.54E+05     1.00E+10
196.245284     1.00E+10     2.63E+07     1.00E+10     5.11E+06
196.249070     1.08E+06     1.00E+10     3.56E+05     1.00E+10
196.250671     1.00E+10     2.81E+07     1.00E+10     5.15E+06
196.254387     -6.72E+05    1.00E+10     3.73E+05     1.00E+10
196.255993     1.00E+10     7.81E+06     1.00E+10     5.47E+06
196.259740     1.96E+06     1.00E+10     3.46E+05     1.00E+10
196.261343     1.00E+10     5.47E+07     1.00E+10     5.01E+06
196.265113     1.53E+06     1.00E+10     3.65E+05     1.00E+10
196.266719     1.00E+10     2.05E+07     1.00E+10     5.21E+06
196.270425     2.43E+05     1.00E+10     3.87E+05     1.00E+10
196.272025     1.00E+10     1.38E+07     1.00E+10     5.57E+06
196.277335     1.32E+06     1.00E+10     3.58E+05     1.00E+10
196.278940     1.00E+10     4.10E+07     1.00E+10     5.17E+06
196.284343     1.59E+06     1.00E+10     3.43E+05     1.00E+10
196.285950     1.00E+10     3.52E+07     1.00E+10     4.86E+06
196.289751     1.11E+06     1.00E+10     3.57E+05     1.00E+10
196.291355     1.00E+10     3.42E+07     1.00E+10     5.13E+06
196.295095     1.11E+06     1.00E+10     3.73E+05     1.00E+10
196.296693     1.00E+10     1.69E+07     1.00E+10     5.35E+06
196.301950     6.42E+03     1.00E+10     3.86E+05     1.00E+10
196.303548     1.00E+10     1.45E+07     1.00E+10     5.54E+06
196.309578     1.24E+06     1.00E+10     3.83E+05     1.00E+10
196.311177     1.00E+10     2.64E+07     1.00E+10     5.57E+06
196.314957     1.00E+10     1.00E+10     1.00E+10     1.00E+10
196.316551     1.00E+10     1.00E+10     1.00E+10     1.00E+10
196.324606     -1.88E+05    1.00E+10     4.25E+05     1.00E+10
196.326207     1.00E+10     2.40E+07     1.00E+10     6.16E+06
196.329994     1.19E+06     1.00E+10     4.09E+05     1.00E+10
196.331586     1.00E+10     3.36E+07     1.00E+10     5.86E+06
196.335358     2.49E+06     1.00E+10     4.38E+05     1.00E+10
196.336956     1.00E+10     5.47E+07     1.00E+10     6.29E+06
196.341152     4.86E+06     1.00E+10     4.36E+05     1.00E+10
196.342749     1.00E+10     5.49E+07     1.00E+10     6.21E+06
196.346834     2.15E+06     1.00E+10     4.78E+05     1.00E+10
196.348426     1.00E+10     6.79E+07     1.00E+10     6.91E+06
196.352192     4.87E+06     1.00E+10     4.51E+05     1.00E+10
196.353794     1.00E+10     1.05E+08     1.00E+10     6.49E+06
196.357818     1.94E+06     1.00E+10     4.87E+05     1.00E+10
196.359420     1.00E+10     5.03E+07     1.00E+10     7.13E+06
196.363195     6.20E+06     1.00E+10     4.19E+05     1.00E+10
196.364798     1.00E+10     1.71E+08     1.00E+10     6.04E+06
196.368544     5.62E+06     1.00E+10     4.79E+05     1.00E+10
196.370154     1.00E+10     8.70E+07     1.00E+10     6.80E+06
196.373929     2.12E+06     1.00E+10     5.67E+05     1.00E+10
196.375532     1.00E+10     5.46E+07     1.00E+10     8.18E+06
196.379253     6.65E+06     1.00E+10     4.73E+05     1.00E+10
196.380856     1.00E+10     1.25E+08     1.00E+10     6.91E+06
196.384635     3.78E+06     1.00E+10     5.28E+05     1.00E+10
196.386236     1.00E+10     6.34E+07     1.00E+10     7.64E+06
196.390022     8.38E+06     1.00E+10     5.33E+05     1.00E+10
196.391630     1.00E+10     1.20E+08     1.00E+10     7.76E+06
196.395382     1.05E+06     1.00E+10     5.49E+05     1.00E+10
196.396979     1.00E+10     6.93E+07     1.00E+10     7.92E+06
196.400755     5.38E+06     1.00E+10     5.02E+05     1.00E+10
196.402354     1.00E+10     2.09E+08     1.00E+10     7.21E+06
196.406082     6.72E+06     1.00E+10     5.17E+05     1.00E+10
196.407674     1.00E+10     1.77E+08     1.00E+10     7.54E+06
196.423633     9.92E+06     1.00E+10     4.48E+05     1.00E+10
196.425238     1.00E+10     2.01E+08     1.00E+10     6.59E+06
196.429065     6.54E+06     1.00E+10     4.51E+05     1.00E+10
196.430677     1.00E+10     1.66E+08     1.00E+10     7.04E+06
196.436059     3.72E+06     1.00E+10     4.49E+05     1.00E+10
196.437664     1.00E+10     1.59E+08     1.00E+10     7.13E+06
196.447459     1.23E+07     1.00E+10     4.90E+05     1.00E+10
196.449061     1.00E+10     1.64E+08     1.00E+10     6.93E+06
196.452854     3.01E+06     1.00E+10     4.89E+05     1.00E+10
196.454461     1.00E+10     1.06E+08     1.00E+10     6.64E+06
196.458231     1.74E+06     1.00E+10     4.75E+05     1.00E+10
196.459838     1.00E+10     1.34E+08     1.00E+10     6.46E+06
196.463605     6.34E+06     1.00E+10     5.45E+05     1.00E+10
196.465208     1.00E+10     1.73E+08     1.00E+10     8.88E+06
196.468988     4.31E+06     1.00E+10     5.84E+05     1.00E+10
196.470594     1.00E+10     2.05E+08     1.00E+10     8.17E+06
196.474374     7.80E+06     1.00E+10     5.54E+05     1.00E+10
196.475976     1.00E+10     1.51E+08     1.00E+10     9.20E+06
196.479706     9.12E+05     1.00E+10     7.15E+05     1.00E+10
196.481308     1.00E+10     1.89E+08     1.00E+10     8.15E+06
196.485064     5.62E+06     1.00E+10     6.15E+05     1.00E+10
196.486667     1.00E+10     1.72E+08     1.00E+10     1.11E+07
196.490457     4.76E+06     1.00E+10     7.87E+05     1.00E+10
196.492059     1.00E+10     2.52E+08     1.00E+10     1.16E+07
196.495804     9.59E+06     1.00E+10     7.79E+05     1.00E+10
196.497405     1.00E+10     2.16E+08     1.00E+10     1.27E+07
196.501128     5.42E+06     1.00E+10     1.10E+06     1.00E+10
196.502731     1.00E+10     2.12E+08     1.00E+10     1.62E+07
196.508551     1.00E+10     1.00E+10     1.00E+10     1.00E+10
196.510159     1.00E+10     1.55E+08     1.00E+10     1.41E+07
196.513886     1.06E+06     1.00E+10     8.48E+05     1.00E+10
196.515492     1.00E+10     2.15E+08     1.00E+10     1.15E+07
196.526280     1.02E+07     1.00E+10     6.35E+05     1.00E+10
196.527929     1.00E+10     1.38E+08     1.00E+10     8.80E+06
196.531717     5.76E+06     1.00E+10     6.01E+05     1.00E+10
196.533353     1.00E+10     1.35E+08     1.00E+10     8.32E+06
196.556699     2.37E+06     1.00E+10     5.23E+05     1.00E+10
196.558340     1.00E+10     8.94E+07     1.00E+10     7.77E+06
196.562147     4.93E+06     1.00E+10     4.68E+05     1.00E+10
196.563738     1.00E+10     1.69E+08     1.00E+10     7.89E+06
196.567552     2.36E+06     1.00E+10     5.27E+05     1.00E+10
196.569144     1.00E+10     1.50E+08     1.00E+10     7.84E+06
196.572934     1.00E+10     1.00E+10     1.00E+10     1.00E+10
196.574525     1.00E+10     5.13E+07     1.00E+10     6.53E+06
196.578270     1.40E+06     1.00E+10     3.18E+05     1.00E+10
196.579861     1.00E+10     6.50E+07     1.00E+10     5.29E+06
196.612008     5.99E+05     1.00E+10     3.69E+05     1.00E+10
196.613218     1.00E+10     4.53E+07     1.00E+10     5.42E+06
196.621267     2.94E+06     1.00E+10     3.44E+05     1.00E+10
196.622859     1.00E+10     6.20E+07     1.00E+10     4.60E+06
196.626615     4.25E+06     1.00E+10     3.31E+05     1.00E+10
196.628206     1.00E+10     7.13E+07     1.00E+10     4.57E+06
196.633374     1.59E+06     1.00E+10     3.12E+05     1.00E+10
196.634965     1.00E+10     6.89E+07     1.00E+10     4.42E+06
196.638761     2.70E+06     1.00E+10     3.15E+05     1.00E+10
196.640386     1.00E+10     5.66E+07     1.00E+10     4.50E+06
196.646365     8.12E+05     1.00E+10     3.28E+05     1.00E+10
196.647965     1.00E+10     6.39E+07     1.00E+10     4.67E+06
196.651765     -1.81E+05    1.00E+10     3.26E+05     1.00E+10
196.653362     1.00E+10     5.85E+07     1.00E+10     4.53E+06
196.657467     2.81E+06     1.00E+10     3.03E+05     1.00E+10
196.659063     1.00E+10     8.19E+07     1.00E+10     4.46E+06
196.662818     6.62E+05     1.00E+10     3.06E+05     1.00E+10
196.664415     1.00E+10     5.79E+07     1.00E+10     4.36E+06
196.668177     2.42E+06     1.00E+10     2.49E+05     1.00E+10
196.669777     1.00E+10     7.34E+07     1.00E+10     3.63E+06
196.673557     8.24E+05     1.00E+10     2.60E+05     1.00E+10
196.675150     1.00E+10     6.06E+07     1.00E+10     3.76E+06
196.678916     3.24E+05     1.00E+10     2.70E+05     1.00E+10
196.680509     1.00E+10     4.55E+07     1.00E+10     4.03E+06
196.684299     5.87E+05     1.00E+10     2.53E+05     1.00E+10
196.685891     1.00E+10     4.77E+07     1.00E+10     3.66E+06
196.689647     1.16E+06     1.00E+10     2.58E+05     1.00E+10
196.691250     1.00E+10     4.28E+07     1.00E+10     3.71E+06
196.695052     7.40E+05     1.00E+10     2.59E+05     1.00E+10
196.696655     1.00E+10     4.83E+07     1.00E+10     3.71E+06
196.700430     6.42E+05     1.00E+10     2.61E+05     1.00E+10
196.702034     1.00E+10     5.19E+07     1.00E+10     3.62E+06
196.707270     8.46E+05     1.00E+10     2.64E+05     1.00E+10
196.708868     1.00E+10     3.69E+07     1.00E+10     3.65E+06
196.712651     3.09E+05     1.00E+10     2.64E+05     1.00E+10
196.714249     1.00E+10     3.58E+07     1.00E+10     3.77E+06
196.721221     1.24E+06     1.00E+10     2.20E+05     1.00E+10
196.722822     1.00E+10     4.54E+07     1.00E+10     3.13E+06
196.726584     1.89E+06     1.00E+10     2.30E+05     1.00E+10
196.728187     1.00E+10     3.06E+07     1.00E+10     3.31E+06
196.731962     1.98E+06     1.00E+10     2.45E+05     1.00E+10
196.733564     1.00E+10     4.91E+07     1.00E+10     3.57E+06
196.737309     1.84E+06     1.00E+10     2.34E+05     1.00E+10
196.738912     1.00E+10     4.98E+07     1.00E+10     3.37E+06
196.742704     4.72E+06     1.00E+10     2.36E+05     1.00E+10
196.744306     1.00E+10     2.92E+07     1.00E+10     3.38E+06
196.749599     1.82E+06     1.00E+10     2.44E+05     1.00E+10
196.751204     1.00E+10     3.44E+07     1.00E+10     3.56E+06
196.754996     2.35E+06     1.00E+10     2.39E+05     1.00E+10
196.756597     1.00E+10     2.48E+07     1.00E+10     3.50E+06
196.760386     5.32E+05     1.00E+10     2.34E+05     1.00E+10
196.761983     1.00E+10     2.04E+07     1.00E+10     3.43E+06
196.765792     2.48E+05     1.00E+10     2.47E+05     1.00E+10
196.767395     1.00E+10     1.81E+07     1.00E+10     3.56E+06
196.771152     2.85E+05     1.00E+10     2.39E+05     1.00E+10
196.772754     1.00E+10     2.70E+07     1.00E+10     3.33E+06
196.776491     8.70E+04     1.00E+10     2.49E+05     1.00E+10
196.778090     1.00E+10     1.47E+07     1.00E+10     3.64E+06
196.781892     7.91E+04     1.00E+10     2.58E+05     1.00E+10
196.783497     1.00E+10     9.69E+06     1.00E+10     3.71E+06
196.787258     -1.13E+05    1.00E+10     2.50E+05     1.00E+10
196.788854     1.00E+10     1.99E+07     1.00E+10     3.66E+06
196.792702     4.45E+05     1.00E+10     2.58E+05     1.00E+10
196.794306     1.00E+10     3.07E+07     1.00E+10     3.74E+06
196.799566     3.12E+06     1.00E+10     2.51E+05     1.00E+10
196.801163     1.00E+10     3.85E+07     1.00E+10     3.65E+06
196.804888     2.45E+06     1.00E+10     2.36E+05     1.00E+10
196.806490     1.00E+10     4.75E+07     1.00E+10     3.44E+06
196.810258     2.46E+05     1.00E+10     2.62E+05     1.00E+10
196.811859     1.00E+10     4.66E+07     1.00E+10     3.87E+06
196.815588     6.57E+05     1.00E+10     2.73E+05     1.00E+10
196.817187     1.00E+10     1.39E+07     1.00E+10     3.88E+06
196.821006     4.89E+04     1.00E+10     2.87E+05     1.00E+10
