cases/OP3/data/man-ams_bukit-atur_20080624_r3.na
24 1001
Niall Robinson
University of Manchester
bukit-atur
OP3
1 1
2008 06 24 2009 01 30
0
Day of year (UTC)
5
1 1 1 1 1
99999 99999 99999 99999 99999
Organic loading (ug m-3)
Sulphate loading (ug m-3)
Nitrate loading (ug m-3)
Ammonium loading (ug m-3)
Chloride loading (ug m-3)
2
Phase 3. V mode (lower m/z resolution)
Aerodynamic sizing analysis not currently working. Time stamp fixed to UTC from local in this revision. i.e. stamp one = 24/06/2008 10:10:17 local
3
Aerodyne Aerosol Mass Spectrometer (AMS)
Measures speciated mass loadings in micrograms per standard cubic metre.
DOY Org SO4 NO3 NH4 Chl
[from data line 6275]
198.21189 99999 99999 99999 99999 99999
198.21560 0.680567 0.394556 0.033614 0.169181 0.00418257
198.21882 99999 99999 99999 99999 99999
198.22252 0.631627 0.352464 0.04327 0.142697 0.00648623
198.22574 99999 99999 99999 99999 99999
198.22945 0.536619 0.282996 0.0204024 0.106957 0.00526753
198.23268 99999 99999 99999 99999 99999
198.23638 0.521622 0.292481 0.0148061 0.0880582 0.00582892
198.23960 99999 99999 99999 99999 99999
198.24331 0.466513 0.234894 0.00805891 0.0990198 0.00376594
198.24688 99999 99999 99999 99999 99999
198.25023 0.343309 0.180761 0.0101839 0.0945679 0.00243867
198.25382 99999 99999 99999 99999 99999
198.25717 0.360503 0.22124 0.0090634 0.106253 0.00383914
198.26075 99999 99999 99999 99999 99999
198.26411 0.641947 0.322869 0.0232949 0.108827 0.00548812
198.26769 99999 99999 99999 99999 99999
198.27105 0.557736 0.315133 0.0184213 0.112355 0.00451199
198.27463 99999 99999 99999 99999 99999
198.27799 1.03411 0.429615 0.0316399 0.1683 0.00420052
198.28157 99999 99999 99999 99999 99999
198.28492 0.906045 0.441857 0.0188147 0.199932 0.00463188
198.28851 99999 99999 99999 99999 99999
198.29186 0.94004 0.406882 0.0270941 0.159664 0.00529564
198.29545 99999 99999 99999 99999 99999
198.29880 0.838856 0.360945 0.0182133 0.247964 0.00175113
198.30239 99999 99999 99999 99999 99999
198.30575 0.61761 0.207862 0.0147867 0.142568 0.00483522
198.30933 99999 99999 99999 99999 99999
198.31269 0.978351 0.394894 0.0299466 0.166715 0.00523844
198.31627 99999 99999 99999 99999 99999
198.31963 1.02563 0.42291 0.0227048 0.154702 0.00673994
198.32321 99999 99999 99999 99999 99999
198.32657 1.09792 0.386221 0.0270949 0.136994 0.00626112
198.33015 99999 99999 99999 99999 99999
198.33351 0.864592 0.397562 0.0223749 0.130597 0.00298896
198.33709 99999 99999 99999 99999 99999
198.34045 0.859357 0.389724 0.02098 0.155694 0.00206021
198.34403 99999 99999 99999 99999 99999
198.34739 0.704866 0.362792 0.0141994 0.081419 0.00296076
198.35098 99999 99999 99999 99999 99999
198.35434 0.671536 0.38502 0.0132354 0.214868 0.00436389
198.35792 99999 99999 99999 99999 99999
198.36128 0.704511 0.341434 0.0128759 0.164839 0.00348122
198.36486 99999 99999 99999 99999 99999
198.36822 0.732853 0.38844 0.0131753 0.186047 0.00397159
198.37181 99999 99999 99999 99999 99999
198.37517 0.66142 0.384236 0.0190913 0.185961 0.00287645
198.37875 99999 99999 99999 99999 99999
198.38211 0.652254 0.374793 0.0104697 0.131351 0.00250972
198.38569 99999 99999 99999 99999 99999
198.38906 0.807066 0.507437 0.019286 0.212858 0.00207807
198.39264 99999 99999 99999 99999 99999
198.39600 0.784884 0.516158 0.0267188 0.199532 0.00190522
198.39958 99999 99999 99999 99999 99999
198.40295 0.805693 0.521188 0.0138706 0.219517 0.00364518
198.40653 99999 99999 99999 99999 99999
198.40989 0.777586 0.496765 0.0220595 0.253429 0.00236109
198.41347 99999 99999 99999 99999 99999
198.41683 0.817476 0.549001 0.0271879 0.248686 0.00421648
198.42041 99999 99999 99999 99999 99999
198.42377 0.844615 0.486676 0.0264421 0.2369 0.00526028
198.42735 99999 99999 99999 99999 99999
198.43071 0.852746 0.510905 0.0211647 0.24524 0.00471471
198.43429 99999 99999 99999 99999 99999
198.43766 0.768261 0.493329 0.0215554 0.235241 0.00338846
198.44124 99999 99999 99999 99999 99999
198.44460 0.772596 0.48321 0.0149209 0.239677 0.0020836
198.44818 99999 99999 99999 99999 99999
198.45154 0.778059 0.462022 0.0215898 0.238383 0.00210317
198.45513 99999 99999 99999 99999 99999
198.45848 0.770451 0.444016 0.0251993 0.242301 0.00416767
198.46207 99999 99999 99999 99999 99999
198.46543 0.733588 0.429622 0.0222325 0.216311 0.00404903
198.46901 99999 99999 99999 99999 99999
198.47237 0.579304 0.371727 0.0146645 0.205719 0.00113889
198.47595 99999 99999 99999 99999 99999
198.47931 0.583153 0.368963 0.0290739 0.213419 0.00195406
198.48289 99999 99999 99999 99999 99999
198.48625 0.666346 0.385302 0.0222838 0.111914 0.00163487
198.48984 99999 99999 99999 99999 99999
198.49320 0.62491 0.403395 0.0274154 0.200472 0.00342904
198.49680 99999 99999 99999 99999 99999
198.50016 0.634618 0.388065 0.0175037 0.176434 0.0012009
198.50375 99999 99999 99999 99999 99999
198.50711 0.677913 0.40211 0.0231915 0.206269 0.00274814
198.51069 99999 99999 99999 99999 99999
198.51405 0.883048 0.493001 0.0326754 0.202103 0.00464264
198.51763 99999 99999 99999 99999 99999
198.52099 1.06979 0.529095 0.0616384 0.247597 0.00566282
198.52457 99999 99999 99999 99999 99999
198.52793 1.08641 0.474543 0.0467738 0.222718 0.00684279
198.53152 99999 99999 99999 99999 99999
198.53488 1.1157 0.489816 0.0436755 0.244 0.00348968
198.53846 99999 99999 99999 99999 99999
198.54182 1.21308 0.470309 0.0567907 0.238962 0.00830191
198.54540 99999 99999 99999 99999 99999
198.54876 1.25473 0.508181 0.0666792 0.191769 0.00855402
198.55234 99999 99999 99999 99999 99999
198.55570 1.33724 0.516028 0.0834102 0.236988 0.00897286
198.55929 99999 99999 99999 99999 99999
198.56265 0.819505 0.447132 0.0358794 0.240221 0.00159679
198.56623 99999 99999 99999 99999 99999
198.56959 0.831018 0.442331 0.0502438 0.22165 0.00443626
198.57317 99999 99999 99999 99999 99999
198.57653 0.835128 0.43253 0.0532702 0.226543 0.00385068
198.58012 99999 99999 99999 99999 99999
198.58348 0.886112 0.463041 0.0334216 0.13556 0.00474122
198.58706 99999 99999 99999 99999 99999
198.59042 0.940512 0.450772 0.050831 0.215121 0.00423461
198.59400 99999 99999 99999 99999 99999
198.59736 0.949306 0.451525 0.0469334 0.223314 0.00662529
198.60094 99999 99999 99999 99999 99999
198.60430 0.970846 0.461195 0.0436729 0.231601 0.00410379
198.60788 99999 99999 99999 99999 99999
198.61124 1.02959 0.443673 0.0547552 0.219262 0.00264151
198.61483 99999 99999 99999 99999 99999
198.61819 1.42845 0.530327 0.064237 0.256607 0.00898617
198.62177 99999 99999 99999 99999 99999
198.62513 1.33501 0.516591 0.0828125 0.297186 0.00732512
198.62871 99999 99999 99999 99999 99999
198.63207 1.40034 0.494635 0.0681546 0.25523 0.00793158
198.63565 99999 99999 99999 99999 99999
198.63901 1.36451 0.467463 0.0644095 0.195176 0.00969263
198.64259 99999 99999 99999 99999 99999
198.64595 1.4033 0.506521 0.0702876 0.213981 0.00881737
198.64953 99999 99999 99999 99999 99999
198.65290 1.30362 0.510897 0.0712446 0.20707 0.0079356
198.65648 99999 99999 99999 99999 99999
198.65984 1.37198 0.481331 0.0641401 0.272978 0.00798939
198.66342 99999 99999 99999 99999 99999
198.66678 1.30749 0.440699 0.0694235 0.22954 0.00564429
198.67037 99999 99999 99999 99999 99999
198.67372 1.05763 0.415149 0.0414131 0.206449 0.00495809
198.67731 99999 99999 99999 99999 99999
198.68067 1.75569 0.435625 0.0611504 0.223612 0.0110012
198.68425 99999 99999 99999 99999 99999
198.68760 1.2135 0.468913 0.0591486 0.218991 0.00932131
198.69118 99999 99999 99999 99999 99999
198.69453 1.18001 0.414571 0.0487574 0.197149 0.00974762
198.69811 99999 99999 99999 99999 99999
198.70146 1.11065 0.412646 0.0566316 0.177432 0.00925058
198.70505 99999 99999 99999 99999 99999
198.70840 0.995528 0.406322 0.0506489 0.206818 0.00734709
198.71198 99999 99999 99999 99999 99999
198.71533 0.878403 0.43254 0.0489737 0.159057 0.00807765
198.71891 99999 99999 99999 99999 99999
198.72226 0.888599 0.445723 0.0521708 0.197783 0.0070175
198.72584 99999 99999 99999 99999 99999
198.72919 0.863139 0.426733 0.0377226 0.176766 0.00633294
198.73277 99999 99999 99999 99999 99999
198.73647 0.833767 0.428356 0.0347121 0.134419 0.00545692
198.73969 99999 99999 99999 99999 99999
198.74339 0.798121 0.439183 0.0369841 0.143992 0.00587464
198.74661 99999 99999 99999 99999 99999
198.75031 0.753295 0.454899 0.0315504 0.204787 0.00598433
198.75354 99999 99999 99999 99999 99999
198.75724 0.875278 0.418364 0.041784 0.178322 0.00317647
198.76046 99999 99999 99999 99999 99999
198.76417 0.929275 0.410871 0.0295729 0.196845 0.0081963
198.76739 99999 99999 99999 99999 99999
198.77109 0.948657 0.407651 0.0292102 0.223433 0.00632599
198.77432 99999 99999 99999 99999 99999
198.77802 0.862411 0.397697 0.0271484 0.209813 0.00512445
198.78160 99999 99999 99999 99999 99999
198.78495 0.812405 0.403362 0.0359572 0.156498 0.00487324
198.78853 99999 99999 99999 99999 99999
198.79189 0.545153 0.422332 0.0109176 0.196037 0.0029291
198.79547 99999 99999 99999 99999 99999
198.79882 0.537698 0.429537 0.0220955 0.155817 0.00309439
198.80241 99999 99999 99999 99999 99999
198.80576 0.630997 0.410647 0.0266911 0.172511 0.00337189
198.80934 99999 99999 99999 99999 99999
198.81269 0.500532 0.405266 0.01678 0.118335 0.00123146
198.81627 99999 99999 99999 99999 99999
198.81962 0.499456 0.380344 0.0173898 0.200275 0.00277127
198.82320 99999 99999 99999 99999 99999
198.82655 0.557875 0.377111 0.0276013 0.122726 0.00278343
198.83013 99999 99999 99999 99999 99999
198.83348 0.44473 0.374199 0.00991541 0.192731 0.0030868
198.83707 99999 99999 99999 99999 99999
198.84042 0.569204 0.370198 0.0243866 0.144482 0.00274308
198.84400 99999 99999 99999 99999 99999
198.84735 0.753505 0.420528 0.0253627 0.184159 0.00626723
198.85093 99999 99999 99999 99999 99999
198.85427 0.456735 0.373934 0.0251311 0.188862 0.00484223
198.85785 99999 99999 99999 99999 99999
198.86120 0.439586 0.364307 0.015899 0.219023 0.00260851
198.86478 99999 99999 99999 99999 99999
198.86813 0.411214 0.357795 0.0123973 0.153892 0.00319443
198.87172 99999 99999 99999 99999 99999
198.87506 0.504452 0.382632 0.0174521 0.206557 0.00582825
198.87865 99999 99999 99999 99999 99999
198.88199 0.435249 0.383487 0.011236 0.214761 0.00685305
198.88558 99999 99999 99999 99999 99999
198.88893 0.428381 0.381566 0.0404678 0.15331 0.00573678
198.89251 99999 99999 99999 99999 99999
198.89586 0.424601 0.418937 0.0186629 0.158015 0.00192774
198.89945 99999 99999 99999 99999 99999
198.90280 0.472839 0.425197 0.0208809 0.190191 0.00441941
198.90638 99999 99999 99999 99999 99999
198.90973 0.458585 0.4233 0.0241916 0.18317 0.00485324
198.91332 99999 99999 99999 99999 99999
198.91702 0.520885 0.420795 0.00788499 0.136352 0.00608129
198.92024 99999 99999 99999 99999 99999
198.92395 0.69095 0.394794 0.0296617 0.144757 0.0033513
198.92717 99999 99999 99999 99999 99999
198.93088 0.786145 0.34832 0.026056 0.164682 0.00598956
198.93410 99999 99999 99999 99999 99999
198.93781 0.538823 0.397466 0.021752 0.157314 0.00293356
198.94103 99999 99999 99999 99999 99999
198.94473 0.526 0.378559 0.0233582 0.194545 0.00187811
198.94796 99999 99999 99999 99999 99999
198.95166 0.591847 0.39218 0.0117439 0.157017 0.00270817
198.95488 99999 99999 99999 99999 99999
198.95859 0.71856 0.401496 0.034331 0.145269 0.00511553
198.96181 99999 99999 99999 99999 99999
198.96551 0.655992 0.385518 0.0227179 0.189918 0.00596012
198.96909 99999 99999 99999 99999 99999
198.97244 0.583451 0.439217 0.0200535 0.167035 0.00498323
198.97602 99999 99999 99999 99999 99999
198.97937 0.668729 0.40988 0.015152 0.166694 0.005168
198.98295 99999 99999 99999 99999 99999
198.98630 0.631741 0.383244 0.02612 0.168069 0.00611016
198.98988 99999 99999 99999 99999 99999
198.99323 0.619427 0.387728 0.0147259 0.233207 0.00551389
198.99681 99999 99999 99999 99999 99999
199.00016 0.656629 0.385551 0.0228694 0.138402 0.000591825
199.00374 99999 99999 99999 99999 99999
199.00708 0.574214 0.36239 0.0278517 0.158478 0.0037467
199.01067 99999 99999 99999 99999 99999
199.01401 0.588595 0.386746 0.0177148 0.195666 0.00397508
199.01760 99999 99999 99999 99999 99999
199.02095 0.597015 0.413872 0.0189631 0.211145 0.0023053
199.02453 99999 99999 99999 99999 99999
199.02788 0.569636 0.409539 0.0188369 0.192014 0.00580711
199.03146 99999 99999 99999 99999 99999
199.03482 0.543029 0.385105 0.0111933 0.191007 0.000536169
199.03840 99999 99999 99999 99999 99999
199.04175 0.583095 0.365203 0.0166037 0.174659 0.00279571
199.04534 99999 99999 99999 99999 99999
199.04869 0.584455 0.39786 0.0273427 0.219517 0.00631552
199.05227 99999 99999 99999 99999 99999
199.05563 0.62558 0.371626 0.0187059 0.161114 0.00635166
199.05921 99999 99999 99999 99999 99999
199.06257 0.607736 0.386822 0.0123337 0.204603 0.00718954
199.06615 99999 99999 99999 99999 99999
199.06950 0.70345 0.390265 0.0100555 0.12926 0.00673933
199.07308 99999 99999 99999 99999 99999
199.07644 0.678447 0.392059 0.0218585 0.252474 0.0056703
199.08002 99999 99999 99999 99999 99999
199.08338 0.735322 0.418804 0.0217221 0.235512 0.00661981
199.08696 99999 99999 99999 99999 99999
199.09031 0.696396 0.406917 0.00837767 0.243129 0.00154133
199.09389 99999 99999 99999 99999 99999
199.09724 0.746535 0.402073 0.0129702 0.217115 0.00598506
199.10083 99999 99999 99999 99999 99999
199.10453 0.785311 0.406908 0.0173414 0.244122 0.00510257
199.10775 99999 99999 99999 99999 99999
199.11145 0.9049 0.434637 0.0266589 0.19374 0.00564877
199.11467 99999 99999 99999 99999 99999
199.11838 0.933072 0.453446 0.0157393 0.235201 0.00610405
199.12160 99999 99999 99999 99999 99999
199.12530 0.923224 0.430662 0.0163813 0.115771 0.00450983
199.12852 99999 99999 99999 99999 99999
199.13223 0.845715 0.474754 0.024526 0.244916 0.00375368
199.13545 99999 99999 99999 99999 99999
199.13916 0.871367 0.44827 0.019331 0.196971 0.00499045
199.14238 99999 99999 99999 99999 99999
199.14608 0.870594 0.495547 0.0256876 0.253584 0.00473248
199.14965 99999 99999 99999 99999 99999
199.15303 0.960472 0.518467 0.0239632 0.268586 0.00226542
199.15631 99999 99999 99999 99999 99999
199.16002 0.938517 0.537667 0.0274356 0.236905 0.00416254
199.16324 99999 99999 99999 99999 99999
199.16695 1.00538 0.520275 0.0366275 0.2797 0.00738678
199.17017 99999 99999 99999 99999 99999
199.17387 1.01242 0.539509 0.0247462 0.2135 0.00644011
199.17709 99999 99999 99999 99999 99999
199.18080 0.989226 0.592475 0.0411692 0.324396 0.00792503
199.18437 99999 99999 99999 99999 99999
199.18772 0.999914 0.622494 0.0394539 0.313757 0.00455807
199.19131 99999 99999 99999 99999 99999
199.19466 1.10316 0.675297 0.0316991 0.288926 0.00649956
199.19824 99999 99999 99999 99999 99999
199.20160 1.1144 0.66371 0.0327086 0.299741 0.00959564
199.20518 99999 99999 99999 99999 99999
199.20853 1.12193 0.678649 0.0341539 0.311515 0.00832943
199.21212 99999 99999 99999 99999 99999
199.21547 1.08283 0.667131 0.0384153 0.324756 0.00926607
199.21905 99999 99999 99999 99999 99999
199.22241 1.05885 0.658546 0.0271438 0.297444 0.0036492
199.22599 99999 99999 99999 99999 99999
199.22934 1.11199 0.662236 0.0402802 0.264428 0.00816662
199.23293 99999 99999 99999 99999 99999
199.23628 1.17128 0.674334 0.0268982 0.348069 0.00635917
199.23986 99999 99999 99999 99999 99999
199.24322 1.07181 0.678079 0.0349673 0.30605 0.00674624
199.24680 99999 99999 99999 99999 99999
199.25015 1.00156 0.645091 0.0223634 0.261342 0.00893114
199.25374 99999 99999 99999 99999 99999
199.25709 0.965664 0.737404 0.0203579 0.319297 0.00509532
199.26067 99999 99999 99999 99999 99999
199.26403 0.974336 0.713436 0.0325377 0.328622 0.00845591
199.26761 99999 99999 99999 99999 99999
199.27097 0.986822 0.686897 0.0274234 0.285033 0.00781932
199.27455 99999 99999 99999 99999 99999
199.27791 0.996279 0.692148 0.027119 0.29779 0.00415459
199.28149 99999 99999 99999 99999 99999
199.28485 1.10525 0.676547 0.0343183 0.326632 0.0105492
199.28843 99999 99999 99999 99999 99999
199.29179 1.02981 0.665655 0.0442684 0.324649 0.00858669
199.29537 99999 99999 99999 99999 99999
199.29873 1.05151 0.677644 0.0287068 0.305282 0.00913956
199.30231 99999 99999 99999 99999 99999
199.30567 1.05355 0.685815 0.0360697 0.342444 0.00835689
199.30925 99999 99999 99999 99999 99999
199.31261 1.28016 0.767147 0.0581617 0.351827 0.0114644
199.31619 99999 99999 99999 99999 99999
199.31955 0.602325 0.420412 0.0162509 0.211976 0.00246235
199.32313 99999 99999 99999 99999 99999
199.32649 0.428162 0.349262 0.0237697 0.127108 0.00264251
199.33007 99999 99999 99999 99999 99999
199.33343 0.508815 0.38902 0.0158073 0.173457 0.00304387
199.33702 99999 99999 99999 99999 99999
199.34037 0.634755 0.492554 0.0175945 0.190811 0.00526675
199.34395 99999 99999 99999 99999 99999
199.34731 0.850617 0.669417 0.0245725 0.261638 0.00513128
