cases/OP3/data/man-sonic-2_bukit-atur_20080621_micromet.na
41 1001
Whitehead, James
Centre for Atmospheric Science, The University of Manchester, Manchester, M13 9PL
Micrometeorological parameters and fluxes, measured at 45 m on GAW tower, Bukit Atur
OP3 campaign 3
1 1
2008 06 21 2009 01 30
0
time (days since 2008-01-01 00:00:00 + 00:00)
15
1 1 1 1 1 1 1 1 1 1 1 1 1 1 1
9999 9999 9999 9999 9999 9999 9999 9999 9999 999999 9999 9999 9999 99999 99999
Wind speed (m/s)
Wind direction (degrees)
Standard deviation of horizontal wind component, u (m/s)
Standard deviation of horizontal wind component, v (m/s)
Standard deviation of vertical wind component, w (m/s)
Standard deviation of temperature (degrees C)
Temperature (degrees C)
Relative humidity (%)
Friction velocity (m/s)
Monin-Obukhov length (m)
Momentum flux or shear stress (kg/m/s^2)
Sensible heat flux (W/m^2)
Latent heat flux (W/m^2)
Particle number count (CPC3010 Dp > 10 nm) (#/cc)
Particle flux (CPC3010 Dp > 10 nm) (#/cm^2/s)
9
Wind and turbulence data, and sensible heat fluxes, measured using an RM Young ultrasonic anemometer
Temperature and RH recorded with a Vaisala probe
Latent heat fluxes measured with a Krypton Hygrometer in conjunction with the RM Young
Particle concentrations and fluxes measured with CPC3010 in conjunction with the RM Young
Flux measurements may be subject to further revision. Please contact James Whitehead before use.
Data are 30 minute averages with the time stamp at the end of the averaging period
Higher time-resolution raw data also available on request
Time is UTC
THIS-FILE-ENDS = 2008 07 24
3
email: James.Whitehead@manchester.ac.uk

Local_Day-of-year Wind_speed_(m/s) Wind_dir sigma_u_(m/s) sigma_v_(m/s) sigma_w_(m/s) sigma_T_(deg C) T_(deg C) RH_(%) u*_(m/s) L_(m) tau_(kg/m/s^2) H_(W/m^2) lE_(W/m^2) CPC3010_conc_(#/cc) CPC3010_flux_(#/cm^2/s)
[from data line 520]
184.4375   2.44776  125.584  0.773395  0.422778 0.298501  0.287022  22.147  78.959  9999      999999    -0.0510461   -28.7966  77.6299   3360.71  2305.53
184.458333 3.16714  130.578  0.918437  0.448807 0.275603  0.24017   21.871  79.435  9999      999999    -0.127687    -36.9478  50.1294   4052.93  5380.39
184.479167 1.77411  75.5838  1.1889    2.33835  0.367662  0.243174  21.46   82.137  0.52065   279.01    0.337761     -47.1371  -69.9267  3721.3   -8675.57
184.5      6.97946  8.95403  1.93237   1.6494   0.705214  1.85448   19.678  81.844  0.665075  31.6298   9999         9999      9999      922.576  2446.36
184.520833 5.30337  351.611  2.11628   1.70161  0.591218  0.453396  24.385  87.538  9999      999999    9999         60.0012   9999      1014.3   3987.95
184.541667 3.07874  290.246  0.769735  0.986898 0.239414  0.249182  9999    9999    9999      999999    -0.0465889   8.50314   9999      650.017  445.802
184.5625   2.54022  289.1    0.489698  0.583086 0.249579  0.33438   9999    9999    9999      999999    -0.127824    -69.0586  9999      637.902  -2207.28
184.583333 2.71278  285.823  0.317063  1.08363  0.142778  0.151238  9999    9999    9999      999999    -0.0191553   -10.1226  -45.6582  675.825  12.0193
184.604167 2.81992  288.07   0.22529   0.552285 0.116974  0.193039  9999    9999    9999      999999    -0.00615112  -4.61994  2.99634   561.908  134.723
184.625    3.2975   283.807  0.325245  0.483045 0.222375  0.172406  9999    9999    9999      999999    -0.0448505   11.5339   7.35084   558.25   323.14
184.645833 4.03315  269.591  0.458396  0.479107 0.260494  0.334966  9999    9999    9999      999999    -0.0471478   -22.8726  9999      675.809  273.303
184.666667 4.21572  266.044  0.746539  0.704267 0.524516  0.529161  9999    9999    9999      999999    -0.107172    9999      -66.2423  863.177  116.704
184.6875   3.45494  251.133  0.812999  0.748091 0.437683  0.546363  9999    9999    9999      999999    -0.0912733   9999      89.1549   735.33   253.013
184.708333 4.86089  252.597  1.15196   0.438989 0.416943  0.899076  9999    9999    9999      999999    -0.151978    30.7371   -64.6105  730.556  414.004
184.729167 4.18769  249.003  0.994247  0.713146 0.391337  0.332196  9999    9999    0.285351  49.5727   0.101456     -43.6183  0         643.331  80.625
184.75     3.58552  229.663  0.93026   0.360828 0.597283  0.624884  9999    9999    0.615738  -343.53   0.4724       63.0472   796.085   606.181  86.2878
184.770833 2.77094  245.773  0.799269  0.368362 0.148106  0.284395  9999    9999    9999      999999    -0.0534185   14.834    623.193   633.839  44.2378
184.791667 1.9465   236.505  0.218888  0.305651 0.123305  0.34318   9999    9999    9999      999999    -0.00884389  14.052    0         642.321  74.5833
184.8125   0.799585 225.617  0.421767  0.186439 0.102631  0.486322  9999    9999    9999      999999    -0.0177806   -26.8932  9999      684.063  -125.729
184.833333 0.823212 204.175  0.230278  0.413702 0.070191  0.231897  9999    79.101  0.073528  4.37881   0.00673632   -8.42511  12.5252   734.646  -24.6955
184.854167 0.344196 137.807  0.407006  0.268042 0.067963  0.22045   9999    80.368  9999      999999    -0.0131369   -1.98508  10.6199   714.525  2.93976
184.875    1.5254   162.753  0.620265  0.401415 0.155983  0.181876  9999    81.027  0.17034   33.0269   0.0361536    -13.8553  90.1398   722.255  -37.576
184.895833 1.81119  138.455  0.454527  0.34937  0.120275  0.252206  9999    79.928  9999      999999    -0.0102825   4.00167   9999      669.202  -107.484
184.916667 1.54129  194.266  0.346679  0.683001 0.155987  0.223008  9999    78.902  0.061708  -3.19461  0.00474455   6.82275   -83.3258  664.282  -39.5985
184.9375   1.52188  244.959  0.308661  0.668976 0.168824  0.280834  9999    80.725  0.082792  -3.21977  0.0085408    16.3223   21.8187   728.918  108.018
184.958333 0.464805 75.1745  0.884742  0.338814 0.165254  0.227703  9999    79.691  0.072469  5.62854   0.00654363   -6.26885  -6.81785  781.194  -26.8439
184.979167 0.642135 85.7775  1.00395   0.221965 0.189538  0.49439   9999    77.997  0.222038  -428.998  0.0614291    2.36425   -34.8128  710.957  -80.2966
185        0.363996 230.866  0.602907  0.464859 0.319627  0.600957  9999    76.011  0.290688  -13.4108  0.105286     169.648   9999      704.268  1838.05
185.020833 0.915625 131.713  0.66302   0.538912 0.407579  0.520729  9999    75.421  0.342214  -23.5137  0.14592      158.036   186.006   868.691  1286.98
185.041667 1.77052  121.308  0.577797  0.424598 0.388246  0.33431   9999    71.551  0.396089  -45.1661  0.19548      127.591   77.5074   1069.22  -954.241
185.0625   1.87201  138.023  0.637753  0.680871 0.42886   0.369358  9999    71.876  0.377127  -35.9246  0.177212     138.619   130.759   900.162  129.044
185.083333 1.66856  148.035  0.793613  0.75446  0.547627  0.637415  9999    70.749  0.499634  -34.9673  0.311044     331.802   240.439   826.766  -402.905
185.104167 1.09929  184.783  0.636743  0.941511 0.588405  0.950946  9999    64.15   0.33753   -14.3045  0.141953     251.381   307.192   805.882  459.928
185.125    1.98203  182.776  0.853205  1.00224  0.710859  0.735965  9999    62.529  0.498663  -24.7508  0.309836     468.884   876.873   729.322  87.1778
185.145833 1.72623  174.575  0.708122  0.93815  0.648129  0.752428  9999    59.254  0.443539  -16.2898  0.245122     501.829   703.106   675.008  235.149
185.166667 0.961378 176.775  0.570543  0.908618 0.514446  0.803185  9999    57.091  0.240807  -4.15076  0.0722531    315.47    62.697    698.079  414.657
185.1875   1.61287  222.93   0.981276  0.760098 0.509053  0.846374  9999    60.825  0.319967  -11.6864  0.127564     263.052   525.529   752.067  85.8411
185.208333 1.54859  208.641  0.79752   0.883651 0.527621  0.782414  9999    57.242  0.29773   -9.37861  0.110449     264.444   712.943   791.952  -247.29
185.229167 1.53845  204.883  0.7542    0.854576 0.469758  0.628112  9999    55.926  0.277816  -9.58066  0.0961683    210.286   453.161   769.03   -591.949
185.25     1.45152  199.701  0.676206  0.824399 0.501331  0.552133  9999    60.152  0.111393  -0.595417 0.0154609    217.81    319.318   805.794  -372.176
185.270833 1.67108  187.382  0.771755  0.805192 0.504947  0.467044  9999    66.738  0.339742  -20.3839  0.143819     179.936   9999      930.847  -2375.35
185.291667 2.43757  177.744  0.452363  0.831996 0.571986  1.31905   9999    73.527  0.283856  11.6038   0.100396     9999      9999      1221.99  -2090.82
185.333333 1.65493  160.287  0.613266  0.783876 0.942761  1.46482   9999    76.861  0.597832  265.154   0.445325     -75.515   165.837   1562.2   1721.81
185.354167 2.19647  168.012  0.569239  0.637398 0.40702   0.308076  9999    75.026  0.254413  -22.583   0.0806483    67.9191   42.3084   1436.22  77.1615
185.375    1.42837  168.944  0.721554  0.667679 0.400158  0.399067  9999    71.511  0.338361  -26.9101  0.142652     134.131   134.926   1379.15  -160.19
185.395833 1.19362  206.856  0.570869  0.490757 0.340265  0.335218  9999    73.274  0.179849  -6.1598   0.0403027    88.0114   168.032   1220.63  122.209
185.416667 1.23095  198.568  0.47835   0.289966 0.187338  0.113862  9999    77.298  9999      999999    -0.0106169   10.5485   2.91141   1161.97  -15.3644
185.4375   0.416806 171.783  0.299817  0.225348 0.099227  0.156648  9999    77.136  0.037725  -4.07821  0.00177329   1.22603   25.6797   1173.14  13.7206
185.458333 1.22425  184.323  0.400901  0.278117 0.151048  0.082927  9999    76.492  0.125708  -63.5239  0.0196899    2.91099   8.88783   1162.46  -24.0831
185.479167 1.90737  175.306  0.474733  0.325155 0.25555   0.193479  9999    76.185  0.142087  52.9258   0.0251552    -5.04154  16.3419   1198.77  -34.8967
185.5      2.3364   192.098  0.612866  0.54721  0.331456  0.102364  9999    78.681  9999      999999    -0.0060422   -15.3694  14.3337   1341.43  37.9227
185.520833 2.78921  211.148  0.64138   0.414378 0.244398  0.159452  9999    79.351  0.206851  177.852   0.0533131    -4.62341  2.58266   1339.99  -47.2077
185.541667 2.59585  207.729  0.752581  0.496718 0.349202  0.118828  9999    78.627  0.223393  337.426   0.0621809    -3.06883  36.2939   1276.38  -121.152
185.5625   1.71991  220.449  0.509339  0.480966 0.253901  0.170412  9999    74.741  0.207239  65.1929   0.0535132    -12.6811  93.0924   971.496  1015.14
185.583333 3.1619   215.998  0.941099  0.604619 0.286213  0.179176  9999    70.05   0.247587  128.799   0.0763792    -10.9536  60.5734   785.881  77.1201
185.604167 2.4922   243.495  0.684799  0.349195 0.250512  0.242026  9999    72.686  0.208193  153.487   0.0540068    -5.45879  23.9552   869.961  154.748
185.625    2.76006  256.65   0.4875    0.400653 0.213037  0.172626  24.006  75.926  0.123549  82.8151   0.0190193    -2.11286  6.71575   1036.67  31.0344
185.645833 4.68396  241.195  0.709988  0.477344 0.261056  0.214592  20.481  73.44   0.284743  1065.52   0.101024     -2.01187  -2.67699  858.778  73.2365
185.666667 3.34638  242.801  0.713635  0.328478 0.20525   0.145864  20.541  72.868  0.157382  -77.1178  0.0308624    4.69383   -2.36783  815.946  -55.6838
185.6875   2.98519  234.469  0.533156  0.243562 0.144164  0.159355  25.88   72.366  0.191769  181.535   0.0458219    -3.60818  15.3218   843.482  18.8442
185.708333 2.97431  248.56   0.502474  0.539055 0.183843  0.417084  25.525  71.49   9999      999999    -0.0104396   32.1017   -87.6179  791.494  -310.618
185.729167 2.76868  274.293  0.552139  1.1608   0.236036  0.284979  19.859  78.85   9999      999999    -0.0340318   0.242279  69.3031   980.89   618.293
185.75     3.16695  297.257  0.556506  0.451377 0.187962  0.132876  19.676  81.63   9999      999999    -0.0539133   8.35976   9999      944.496  -743.273
185.770833 2.28501  279.821  0.444838  0.688175 0.237005  0.249964  19.398  85.573  9999      999999    -0.021144    -8.96476  84.8315   1087.34  -8.63504
185.791667 4.93384  288.957  0.735773  0.410551 0.281252  0.609465  18.976  88.915  9999      999999    -0.122123    140.35    9999      1036.04  -190.868
185.8125   4.6152   291.338  0.840757  0.301292 0.19389   0.431258  19.239  87.33   9999      999999    -0.121404    -52.4262  32.3176   993.775  -322.764
185.833333 1.93951  290.844  0.743152  0.664036 0.322069  0.477498  19.45   82.754  9999      999999    -0.197557    9999      9999      855.837  -1028.7
185.854167 0.495498 197.919  0.29149   0.906471 0.257686  0.453969  20.123  76.295  9999      999999    -0.0211783   86.7626   -8.49469  826.721  39.2738
185.875    1.44961  165.773  0.614425  0.678423 0.161448  0.354448  20.23   73.851  0.062667  -4.03341  0.00489317   5.66066   -55.0185  810.73   -122.665
185.895833 2.7349   194.18   0.692423  0.318451 0.277677  0.290159  20.398  72.632  0.169     349.802   0.0355868    -1.28107  -36.3157  984.089  -325.432
185.916667 3.17686  199.162  0.685999  0.529576 0.36166   0.152972  20.634  73.614  0.181945  442.027   0.0412476    -1.26637  27.379    963.833  -396.497
185.9375   2.15763  219.585  0.658453  0.409775 0.268171  0.226256  20.385  76.316  0.225228  -1683.84  0.0632067    0.629878  17.7071   874.095  -177.794
185.958333 1.01827  213.207  0.616298  0.244586 0.203041  0.158694  20.579  75.579  9999      999999    -0.0049638   -1.58064  8.45692   863.824  43.2885
185.979167 1.1515   271.096  0.504517  0.632205 0.15717   0.279685  20.529  75.463  9999      999999    -0.0209823   1.60791   -18.1897  864.383  48.6636
186        1.8799   215.866  0.760821  0.540396 0.288745  0.46753   21.078  74.274  0.130355  -2.20503  0.0211727    93.2945   70.4784   921.133  95.7517
186.020833 1.68235  229.999  0.765264  0.570068 0.35595   0.424176  22.558  69.982  9999      999999    -0.108459    121.782   -12.9122  898.822  -40.1989
186.041667 1.66171  227.886  0.982187  0.561512 0.415893  0.480645  22.187  73.481  9999      999999    -0.0233864   146.933   28.2181   915.772  43.2282
186.0625   1.31015  214.282  0.901444  0.737613 0.59148   0.751183  24.331  67.762  0.429642  -25.2333  0.230002     293.737   571.694   1067.99  8428.03
186.083333 3.36543  220.977  1.75292   0.733571 0.543042  0.514583  22.877  70.193  9999      999999    -0.234393    174.363   -26.3442  837.284  -242.695
186.104167 4.88014  223.137  1.86774   0.824284 0.607085  0.460842  23.073  66.732  0.412798  -46.9528  0.212321     140.44    213.439   774.645  -35.3524
186.125    3.70582  220.185  1.4443    0.827809 0.567819  0.443272  23.396  65.003  0.224007  -7.96033  0.062523     132.438   233.815   756.254  -8.52871
186.145833 1.98631  213.354  1.15054   0.893281 0.626608  0.688453  25.181  60.168  0.405143  -20.3865  0.20452      306.449   572.349   786.177  -313.069
186.166667 2.19996  220.049  1.4059    0.738301 0.593971  0.797817  25.227  60.738  0.498468  -39.1098  0.309595     297.73    690.095   882.011  113.609
186.1875   3.57777  228.683  1.15652   0.739116 0.580961  0.52344   25.019  59.155  0.377132  -26.9213  0.177216     187.632   523.69    931.711  -853.203
186.208333 3.31547  239.817  1.30099   0.765451 0.541583  0.533912  25.514  56.494  0.316026  -14.5215  0.124441     205.116   414.161   805.245  289.231
186.229167 2.12687  241.933  1.374     0.605154 0.467867  0.777583  26.75   53.851  0.413667  -29.6287  0.213216     225.699   458.707   813.908  -14.6385
186.25     2.45537  226.599  1.28493   0.73392  0.574898  0.76659   27.448  51.394  0.563014  -59.2492  0.394962     284.825   690.639   1018.08  128.822
186.270833 2.99706  223.205  1.34198   0.952543 0.668715  0.54962   27.065  51.947  0.571126  -87.6223  0.406427     201.051   594.68    1114.8   -1169.66
186.291667 2.42595  150.045  0.881514  1.60872  0.650989  0.688844  26.096  57.187  0.527501  -52.2121  0.346709     264.7     -17.3611  1214.82  -135.59
186.3125   1.78996  164.468  0.802347  1.42938  0.560967  0.507601  25.339  60.813  0.258518  -7.14128  0.0832719    227.518   -8.48318  1169.48  350.135
186.333333 2.79746  230.921  1.9246    0.657803 0.396359  0.487232  9999    9999    9999      999999    -0.120004    95.264    37.5061   1219.69  -232.14
186.354167 0.370551 131.046  0.398313  0.744064 0.34638   0.432174  24.396  66.687  0.273195  -23.3326  0.0929961    81.9967   26.6593   1598.94  355.639
186.375    0.84308  144      0.364221  0.526187 0.249795  0.256258  24.011  67.866  0.207446  -13.1126  0.0536203    63.8287   28.3942   1644.94  464.13
186.395833 1.4416   164.979  0.530657  0.597787 0.297735  0.368694  23.739  65.881  0.113197  -1.65376  0.0159658    82.238    -18.9165  1286.08  -388.241
186.416667 1.455    181.415  0.479952  0.542434 0.299238  0.296064  23.471  64.63   0.122113  -3.10814  0.0185797    54.9271   39.9738   951.417  71.1348
186.4375   1.10637  183.463  0.448466  0.484188 0.269601  0.343798  23.158  68.7    0.193412  -24.9434  0.0466108    27.1573   -74.5103  1273.49  -460.36
186.458333 0.909536 220.046  0.45042   0.53414  0.196428  0.270229  22.19   79.759  0.154739  -70.6594  0.0298342    4.89761   -40.7198  1651.07  -140.879
186.479167 1.31161  224.645  0.660892  0.237316 0.162297  0.210479  22.109  78.737  0.008374  -0.004358 8.74E-05     12.5901   -74.2717  1403.82  -819.875
186.5      0.661825 162.719  0.450915  0.422951 0.143169  0.321166  22.358  75.278  9999      999999    -0.0181458   21.688    -91.6019  1363.36  93.1649
186.520833 0.619813 102.294  0.541974  0.242005 0.107799  0.258466  22.538  75.451  0.009007  -0.0324   0.000101092  2.10701   4.18043   1661.39  36.2821
186.541667 1.00286  80.4515  0.459484  0.230845 0.127982  0.205973  22.089  80.18   9999      999999    -0.018784    -8.77348  61.5212   1821.12  394.612
186.5625   1.4734   76.9797  0.241604  0.206048 0.132842  0.243578  21.84   82.274  9999      999999    -0.00371687  -4.73275  51.9055   1786.87  165.582
186.583333 1.2133   337.576  0.681199  2.06161  0.333449  0.344883  21.15   85.452  0.049492  -0.169487 0.00305206   66.6221   315.417   1491.76  -1639.19
