cases/OP3/data/man-ams_bukit-atur_20080624_r3.na
24 1001
Niall Robinson
University of Manchester
bukit-atur
OP3
1 1
2008 06 24 2009 01 30
0
Day of year (UTC)
5
1 1 1 1 1
99999 99999 99999 99999 99999
Organic loading (ug m-3)
Sulphate loading (ug m-3)
Nitrate loading (ug m-3)
Ammonium loading (ug m-3)
Chloride loading (ug m-3)
2
Phase 3. V mode (lower m/z resolution)
Aerodynamic sizing analysis not currently working. Time stamp fixed to UTC from local in this revision. i.e. stamp one = 24/06/2008 10:10:17 local
3
Aerodyne Aerosol Mass Spectrometer (AMS)
Measures speciated mass loadings in micrograms per standard cubic metre.
DOY Org SO4 NO3 NH4 Chl
[from data line 3632]
188.97228 0.601821 0.295358 0.0420142 0.112428 0.00322644
188.97586 99999 99999 99999 99999 99999
188.97921 0.70698 0.292777 0.0422703 0.100285 0.00809093
188.98279 99999 99999 99999 99999 99999
188.98614 0.729708 0.300643 0.0417649 0.12223 0.0063892
188.98972 99999 99999 99999 99999 99999
188.99308 0.631863 0.285071 0.0426287 0.135971 0.00676111
188.99666 99999 99999 99999 99999 99999
189.00001 0.637012 0.290319 0.0348451 0.105383 0.00513316
189.00359 99999 99999 99999 99999 99999
189.00729 0.609894 0.288924 0.039329 0.111688 0.0086158
189.01052 99999 99999 99999 99999 99999
189.01422 0.640737 0.303937 0.032121 0.0851244 0.00781501
189.01744 99999 99999 99999 99999 99999
189.02792 0.597786 0.314572 0.0378715 0.0926775 0.00266666
189.03157 99999 99999 99999 99999 99999
189.03495 0.614676 0.318388 0.0466889 0.0589715 0.00465249
189.03756 99999 99999 99999 99999 99999
189.04191 0.583748 0.309155 0.0393231 0.0878995 0.00784892
189.04520 99999 99999 99999 99999 99999
189.04893 0.589991 0.296213 0.0217892 0.152769 0.00413228
189.05218 99999 99999 99999 99999 99999
189.05589 0.571859 0.304697 0.0207205 0.115198 0.00591908
189.05911 99999 99999 99999 99999 99999
189.06281 0.571509 0.323432 0.0260159 0.114122 0.0054695
189.06603 99999 99999 99999 99999 99999
189.06974 0.556498 0.336206 0.0163634 0.0594936 0.00480797
189.07296 99999 99999 99999 99999 99999
189.07666 0.5601 0.380005 0.00392359 0.153288 0.00144637
189.07988 99999 99999 99999 99999 99999
189.08358 0.520847 0.398546 0.0189417 0.0865411 0.00326672
189.08716 99999 99999 99999 99999 99999
189.09051 0.508035 0.442456 0.024292 0.164489 0.00455122
189.09409 99999 99999 99999 99999 99999
189.09744 0.546896 0.45 0.0161406 0.183403 0.00406795
189.10103 99999 99999 99999 99999 99999
189.10438 0.629121 0.472752 0.00962596 0.173498 0.00136902
189.10796 99999 99999 99999 99999 99999
189.11131 0.591068 0.448783 0.0242979 0.152536 0.00564878
189.11490 99999 99999 99999 99999 99999
189.11825 0.559413 0.439335 0.0279779 0.145904 0.000586228
189.12183 99999 99999 99999 99999 99999
189.12518 0.563573 0.411666 0.0103324 0.166732 0.00256399
189.12877 99999 99999 99999 99999 99999
189.13212 0.557972 0.400649 0.0208307 0.11005 0.00529354
189.13570 99999 99999 99999 99999 99999
189.13906 0.704401 0.424847 0.00908578 0.146877 0.00527652
189.14267 99999 99999 99999 99999 99999
189.14603 0.754995 0.399208 0.0249915 0.142844 0.00417614
189.14965 99999 99999 99999 99999 99999
189.15302 0.687426 0.419658 0.0124375 0.138625 0.00497741
189.15626 99999 99999 99999 99999 99999
189.15996 0.683834 0.412178 0.0156209 0.160658 0.0038784
189.16353 99999 99999 99999 99999 99999
189.16688 0.741565 0.403615 0.0332068 0.129938 0.00317611
189.17047 99999 99999 99999 99999 99999
189.17381 0.781486 0.426364 0.0285996 0.138198 0.00140639
189.17740 99999 99999 99999 99999 99999
189.18076 0.831876 0.422241 0.0241603 0.140502 0.00515206
189.18438 99999 99999 99999 99999 99999
189.18772 0.825792 0.418614 0.0319642 0.142835 0.00788067
189.19131 99999 99999 99999 99999 99999
189.19465 1.04412 0.434138 0.0186967 0.141884 0.00517459
189.19823 99999 99999 99999 99999 99999
189.20158 0.910749 0.44242 0.0174513 0.154538 0.00818985
189.20516 99999 99999 99999 99999 99999
189.20852 0.728014 0.424136 0.0367101 0.0360792 0.0464091
189.21209 99999 99999 99999 99999 99999
189.21544 0.747605 0.425261 0.0804579 0.13865 0.0278298
189.21903 99999 99999 99999 99999 99999
189.22238 0.881222 0.423232 0.0435362 0.172723 0.00501563
189.22596 99999 99999 99999 99999 99999
189.22931 0.90261 0.42861 0.0436392 0.218162 0.00342931
189.23289 99999 99999 99999 99999 99999
189.23625 0.915811 0.465841 0.0488097 0.150139 0.00440414
189.23983 99999 99999 99999 99999 99999
189.24318 0.893873 0.449857 0.0465906 0.150883 0.00389291
189.24676 99999 99999 99999 99999 99999
189.25011 0.926253 0.493254 0.0617662 0.145707 0.00387745
189.25369 99999 99999 99999 99999 99999
189.25704 0.898123 0.489072 0.0937779 0.162806 0.00482452
189.26062 99999 99999 99999 99999 99999
189.26397 0.846887 0.448661 0.0845393 0.163854 0.00401107
189.26755 99999 99999 99999 99999 99999
189.27090 0.767526 0.437089 0.0703134 0.125024 0.00582283
189.27449 99999 99999 99999 99999 99999
189.27786 0.776975 0.43283 0.0591801 0.119952 0.0038818
189.28150 99999 99999 99999 99999 99999
189.28485 0.751054 0.415078 0.0527516 0.141259 0.00667864
189.28843 99999 99999 99999 99999 99999
189.29178 0.746498 0.389582 0.0345419 0.164277 0.00782277
189.29536 99999 99999 99999 99999 99999
189.29871 0.716764 0.405904 0.0351952 0.189222 0.00566928
189.30229 99999 99999 99999 99999 99999
189.30564 0.732116 0.429405 0.0521605 0.167455 0.00590704
189.30922 99999 99999 99999 99999 99999
189.31257 0.668903 0.417752 0.0475699 0.184486 0.00649933
189.31615 99999 99999 99999 99999 99999
189.31950 0.669886 0.383495 0.0448084 0.156893 0.00754921
189.32308 99999 99999 99999 99999 99999
189.32643 0.61768 0.389146 0.0276094 0.161893 0.00621561
189.33005 99999 99999 99999 99999 99999
189.33341 0.577546 0.383194 0.0371936 0.112749 0.00312402
189.33699 99999 99999 99999 99999 99999
189.34034 0.579784 0.405047 0.0304427 0.0830613 0.00516071
189.34392 99999 99999 99999 99999 99999
189.34727 0.677281 0.380496 0.0381415 0.144032 0.0045578
189.35086 99999 99999 99999 99999 99999
189.35420 0.61564 0.382545 0.0291445 0.120423 0.00477504
189.35779 99999 99999 99999 99999 99999
189.36114 0.62922 0.387971 0.0257403 0.135628 0.00900906
189.36472 99999 99999 99999 99999 99999
189.36807 0.640352 0.38939 0.0425663 0.106536 0.00925485
189.37165 99999 99999 99999 99999 99999
189.37535 0.666048 0.372494 0.0278443 0.130389 0.00606128
189.37857 99999 99999 99999 99999 99999
189.38227 0.601797 0.377299 0.0257685 0.101736 0.00800478
189.38549 99999 99999 99999 99999 99999
189.38919 0.637872 0.396764 0.0418746 0.162752 0.00696004
189.39241 99999 99999 99999 99999 99999
189.39611 0.626806 0.443824 0.0458913 0.178802 0.0106275
189.39933 99999 99999 99999 99999 99999
189.40303 0.596629 0.457349 0.0609998 0.180894 0.00944376
189.40660 99999 99999 99999 99999 99999
189.40995 0.594377 0.487593 0.0570663 0.146073 0.00975174
189.41354 99999 99999 99999 99999 99999
189.41689 0.615856 0.458204 0.0582387 0.178177 0.0104573
189.42047 99999 99999 99999 99999 99999
189.42382 0.618643 0.479386 0.0551515 0.121297 0.0128959
189.42740 99999 99999 99999 99999 99999
189.43075 0.611945 0.480018 0.0577048 0.187895 0.0110514
189.43433 99999 99999 99999 99999 99999
189.43768 0.522882 0.526277 0.0446698 0.195811 0.0100839
189.44127 99999 99999 99999 99999 99999
189.44462 0.591436 0.476498 0.0450102 0.215404 0.00871701
189.44820 99999 99999 99999 99999 99999
189.45155 0.57057 0.46816 0.048697 0.179118 0.00777572
189.45513 99999 99999 99999 99999 99999
189.45848 0.517182 0.492427 0.0528967 0.195633 0.0116704
189.46206 99999 99999 99999 99999 99999
189.46542 0.582286 0.494971 0.062082 0.188015 0.00999867
189.46900 99999 99999 99999 99999 99999
189.47235 0.478423 0.485095 0.0479907 0.203236 0.00820785
189.47593 99999 99999 99999 99999 99999
189.47929 0.522976 0.500552 0.0527268 0.208637 0.0104166
189.48287 99999 99999 99999 99999 99999
189.48622 0.478126 0.522477 0.0643916 0.170023 0.0121834
189.48981 99999 99999 99999 99999 99999
189.49316 0.526147 0.54931 0.0607792 0.159424 0.0139766
189.49674 99999 99999 99999 99999 99999
189.50010 0.552159 0.556908 0.077727 0.180497 0.0204943
189.50368 99999 99999 99999 99999 99999
189.50703 0.642994 0.566161 0.0848149 0.228275 0.02222
189.51061 99999 99999 99999 99999 99999
189.51396 0.592278 0.589323 0.0924244 0.237711 0.024765
189.51754 99999 99999 99999 99999 99999
189.52090 0.759093 0.6072 0.090446 0.268141 0.0243947
189.52448 99999 99999 99999 99999 99999
189.52783 0.527661 0.594207 0.0809438 0.236315 0.0221075
189.53141 99999 99999 99999 99999 99999
189.53477 0.502105 0.59238 0.0864298 0.193681 0.0170462
189.53835 99999 99999 99999 99999 99999
189.54171 0.494825 0.638675 0.055225 0.217143 0.0127381
189.54529 99999 99999 99999 99999 99999
189.54864 0.468425 0.739883 0.0639007 0.289779 0.00921078
189.55222 99999 99999 99999 99999 99999
189.55557 0.459679 0.792102 0.047938 0.26822 0.00572152
189.55915 99999 99999 99999 99999 99999
189.56285 0.417265 0.862479 0.0458644 0.282578 0.00627465
189.56607 99999 99999 99999 99999 99999
189.56977 0.383504 0.940049 0.0376906 0.221308 0.00536453
189.57299 99999 99999 99999 99999 99999
189.57668 0.396332 0.881929 0.0470461 0.264936 0.0038189
189.57990 99999 99999 99999 99999 99999
189.58360 0.398528 0.868373 0.0273124 0.213306 0.00427031
189.58685 99999 99999 99999 99999 99999
189.59056 0.399866 0.928011 0.0392828 0.273892 0.00656146
189.59378 99999 99999 99999 99999 99999
189.59747 0.402034 1.00808 0.0460004 0.255141 0.00372254
189.60105 99999 99999 99999 99999 99999
189.60439 0.417093 1.12935 0.0255495 0.26727 0.00550838
189.60798 99999 99999 99999 99999 99999
189.61133 0.40731 1.07447 0.024411 0.299322 0.00495516
189.61491 99999 99999 99999 99999 99999
189.61826 0.441286 1.08089 0.0364787 0.279304 0.00451315
189.62184 99999 99999 99999 99999 99999
189.62521 0.394312 1.10763 0.0209805 0.272391 0.00807367
189.62881 99999 99999 99999 99999 99999
189.63216 0.411794 1.20428 0.0291856 0.251558 0.00257464
189.63574 99999 99999 99999 99999 99999
189.63909 0.400419 1.21852 0.040442 0.257088 0.00330944
189.64267 99999 99999 99999 99999 99999
189.64602 0.393573 1.35524 0.0267273 0.275417 0.00369996
189.64960 99999 99999 99999 99999 99999
189.65294 0.389852 1.32962 0.0284394 0.255297 0.000974705
189.65652 99999 99999 99999 99999 99999
189.65986 0.414231 1.40557 0.0397056 0.267305 0.00951749
189.66345 99999 99999 99999 99999 99999
189.66679 0.473209 1.45282 0.0251766 0.224796 0.00494178
189.67037 99999 99999 99999 99999 99999
189.67372 0.459993 1.44925 0.0255226 0.24389 0.00564647
189.67730 99999 99999 99999 99999 99999
189.68065 0.456997 1.38179 0.032077 0.317154 0.00763801
189.68423 99999 99999 99999 99999 99999
189.68758 0.403194 1.23849 0.0208136 0.259856 0.00654282
189.69116 99999 99999 99999 99999 99999
189.69451 0.413082 1.13249 0.0377359 0.243194 0.00377981
189.69809 99999 99999 99999 99999 99999
189.70144 0.402815 1.06204 0.0340462 0.267264 0.0076463
189.70502 99999 99999 99999 99999 99999
189.70837 0.397055 0.953759 0.0260241 0.285339 0.00385195
189.71195 99999 99999 99999 99999 99999
189.71531 0.46219 1.02636 0.0343006 0.269617 0.0031198
189.71889 99999 99999 99999 99999 99999
189.72224 0.436435 1.15762 0.0330213 0.253152 0.00471229
189.72582 99999 99999 99999 99999 99999
189.72952 0.455507 1.1159 0.0200011 0.267519 0.00596835
189.73274 99999 99999 99999 99999 99999
189.73643 0.44384 0.990358 0.0199762 0.276503 0.00350721
189.73966 99999 99999 99999 99999 99999
189.74335 0.473131 0.941254 0.0356249 0.300639 0.00648161
189.74657 99999 99999 99999 99999 99999
189.75027 0.483077 0.866307 0.0254011 0.223959 0.00510604
189.75348 99999 99999 99999 99999 99999
189.75718 0.470708 0.936938 0.0265137 0.279272 0.00495382
189.76075 99999 99999 99999 99999 99999
189.76409 0.41914 0.894441 0.0281249 0.249449 0.00508689
189.76767 99999 99999 99999 99999 99999
189.77101 0.573049 0.785851 0.0327818 0.233265 0.00527338
189.77459 99999 99999 99999 99999 99999
189.77794 0.524145 0.752336 0.0272266 0.281863 0.00390056
189.78152 99999 99999 99999 99999 99999
189.78486 0.541597 0.748178 0.0177846 0.291101 0.00251399
189.78844 99999 99999 99999 99999 99999
189.79178 0.526613 0.769858 0.0305296 0.249346 0.00489505
189.79537 99999 99999 99999 99999 99999
189.79871 0.514736 0.824795 0.029625 0.329708 0.00284639
189.80229 99999 99999 99999 99999 99999
189.80564 0.504032 0.918368 0.0389807 0.35165 0.00580848
189.80922 99999 99999 99999 99999 99999
189.81257 0.478904 0.918681 0.0229751 0.331384 0.00277828
189.81615 99999 99999 99999 99999 99999
189.81950 0.495415 0.992654 0.0296024 0.314113 0.00614436
189.82308 99999 99999 99999 99999 99999
189.82644 0.459849 1.19967 0.025448 0.251024 0.00332607
189.83002 99999 99999 99999 99999 99999
189.83337 0.518752 1.14979 0.0288633 0.290879 0.00663966
189.83695 99999 99999 99999 99999 99999
189.84030 0.511732 1.24289 0.0170579 0.292094 0.00385716
189.84388 99999 99999 99999 99999 99999
189.84758 0.508789 1.09966 0.0187106 0.242779 0.00439266
189.85080 99999 99999 99999 99999 99999
189.85449 0.453732 0.920357 0.0155607 0.282439 0.00348439
189.85772 99999 99999 99999 99999 99999
189.86141 0.455935 0.887715 0.0116349 0.256312 0.0035083
189.86463 99999 99999 99999 99999 99999
189.86832 0.409472 0.86261 0.0236899 0.249809 0.00536777
189.87154 99999 99999 99999 99999 99999
189.87523 0.473816 0.978332 0.0140044 0.243369 0.00743143
189.87880 99999 99999 99999 99999 99999
189.88214 0.49378 1.2226 0.0186646 0.325054 0.00818924
189.88572 99999 99999 99999 99999 99999
189.88907 0.576296 1.14074 0.00430914 0.273992 0.0123213
189.89265 99999 99999 99999 99999 99999
189.89599 0.550923 1.0721 0.0302951 0.223929 0.0105719
189.89957 99999 99999 99999 99999 99999
189.90292 0.57766 1.0705 0.0296631 0.269015 0.0103307
189.90650 99999 99999 99999 99999 99999
189.90984 0.528895 0.986699 0.0242474 0.28841 0.00751832
189.91343 99999 99999 99999 99999 99999
189.91677 0.485427 0.918602 0.0142872 0.240543 0.00493129
189.92036 99999 99999 99999 99999 99999
189.92371 0.472308 0.840265 0.00799778 0.218601 0.0056094
189.92729 99999 99999 99999 99999 99999
189.93064 0.425718 0.855482 0.0170684 0.272464 0.00643706
189.93422 99999 99999 99999 99999 99999
189.93757 0.43213 0.736791 0.00177818 0.160065 0.00806041
189.94115 99999 99999 99999 99999 99999
189.94450 0.446535 0.782285 0.0203619 0.205312 0.00971921
189.94808 99999 99999 99999 99999 99999
189.95143 0.433685 0.686531 0.0312858 0.235819 0.0136501
189.95501 99999 99999 99999 99999 99999
189.95836 0.376155 0.69759 0.0153603 0.223354 0.0075538
189.96194 99999 99999 99999 99999 99999
189.96563 0.466815 0.74045 0.0145826 0.186489 0.0122012
189.96885 99999 99999 99999 99999 99999
189.97255 0.407283 0.677375 0.0179724 0.207635 0.00580684
189.97577 99999 99999 99999 99999 99999
189.97946 0.400506 0.629285 0.00884802 0.216467 0.00576761
189.98268 99999 99999 99999 99999 99999
189.98637 0.442336 0.62147 0.0163683 0.212341 0.00956605
189.98959 99999 99999 99999 99999 99999
189.99328 0.490962 0.640944 0.0182031 0.180883 0.0060237
189.99685 99999 99999 99999 99999 99999
190.00019 0.382429 0.602465 0.0195326 0.219974 0.00462278
190.00377 99999 99999 99999 99999 99999
190.00711 0.372959 0.578658 0.00983217 0.211381 0.00455302
190.01069 99999 99999 99999 99999 99999
190.01404 0.365965 0.555862 0.0143234 0.138375 0.00609528
190.01764 99999 99999 99999 99999 99999
190.02101 0.414833 0.624054 0.0220763 0.201655 0.00736291
190.02462 99999 99999 99999 99999 99999
190.02798 0.470734 0.579511 0.0176416 0.246063 0.00409592
190.03157 99999 99999 99999 99999 99999
190.03491 0.584846 0.567076 0.00357204 0.217212 0.00563559
190.03850 99999 99999 99999 99999 99999
190.04185 0.438066 0.591403 0.0182969 0.182486 0.00604804
190.04547 99999 99999 99999 99999 99999
190.04882 0.496079 0.578763 0.0111897 0.140837 0.00697922
190.05240 99999 99999 99999 99999 99999
190.05575 0.447088 0.561338 0.015025 0.152027 0.00316532
190.05933 99999 99999 99999 99999 99999
190.06269 99999 0.536262 99999 99999 0.0285451
190.06632 99999 99999 99999 99999 99999
190.06969 99999 99999 99999 99999 99999
190.07295 99999 99999 99999 99999 99999
190.07666 99999 99999 99999 99999 99999
190.07988 99999 99999 99999 99999 99999
190.08357 99999 99999 99999 99999 99999
190.08717 99999 99999 99999 99999 99999
190.09053 99999 99999 99999 99999 99999
190.09381 99999 99999 99999 99999 99999
190.09754 99999 99999 99999 99999 99999
190.10079 99999 99999 99999 99999 99999
190.10451 0.342212 0.581699 0.0194817 0.18436 0.0121982
190.10777 99999 99999 99999 99999 99999
190.11112 0.464463 0.504776 0.00359177 0.174051 0.00384668
190.11470 99999 99999 99999 99999 99999
190.11840 0.34412 0.482374 0.0213543 0.167974 0.0083058
190.12162 99999 99999 99999 99999 99999
