cases/OP3/data/man-sonic-2_bukit-atur_20080621_micromet.na
41 1001
Whitehead, James
Centre for Atmospheric Science, The University of Manchester, Manchester, M13 9PL
Micrometeorological parameters and fluxes, measured at 45 m on GAW tower, Bukit Atur
OP3 campaign 3
1 1
2008 06 21 2009 01 30
0
time (days since 2008-01-01 00:00:00 + 00:00)
15
1 1 1 1 1 1 1 1 1 1 1 1 1 1 1
9999 9999 9999 9999 9999 9999 9999 9999 9999 999999 9999 9999 9999 99999 99999
Wind speed (m/s)
Wind direction (degrees)
Standard deviation of horizontal wind component, u (m/s)
Standard deviation of horizontal wind component, v (m/s)
Standard deviation of vertical wind component, w (m/s)
Standard deviation of temperature (degrees C)
Temperature (degrees C)
Relative humidity (%)
Friction velocity (m/s)
Monin-Obukhov length (m)
Momentum flux or shear stress (kg/m/s^2)
Sensible heat flux (W/m^2)
Latent heat flux (W/m^2)
Particle number count (CPC3010 Dp > 10 nm) (#/cc)
Particle flux (CPC3010 Dp > 10 nm) (#/cm^2/s)
9
Wind and turbulence data, and sensible heat fluxes, measured using an RM Young ultrasonic anemometer
Temperature and RH recorded with a Vaisala probe
Latent heat fluxes measured with a Krypton Hygrometer in conjunction with the RM Young
Particle concentrations and fluxes measured with CPC3010 in conjunction with the RM Young
Flux measurements may be subject to further revision. Please contact James Whitehead before use.
Data are 30 minute averages with the time stamp at the end of the averaging period
Higher time-resolution raw data also available on request
Time is UTC
THIS-FILE-ENDS = 2008 07 24
3
email: James.Whitehead@manchester.ac.uk

Local_Day-of-year Wind_speed_(m/s) Wind_dir sigma_u_(m/s) sigma_v_(m/s) sigma_w_(m/s) sigma_T_(deg C) T_(deg C) RH_(%) u*_(m/s) L_(m) tau_(kg/m/s^2) H_(W/m^2) lE_(W/m^2) CPC3010_conc_(#/cc) CPC3010_flux_(#/cm^2/s)
[from data line 1246]
199.708333 1.4266   165.39   0.295985  0.14575  0.11248   0.169335  20.826  79.126  0.041477  -3.00154  0.00214357   2.20917   -30.1962  2065.67  599.124
199.729167 1.76021  145.755  0.288504  0.24246  0.093717  0.14274   20.545  81.308  9999      999999    -0.0104835   -0.782314 4.39452   1611.53  228.572
199.75     1.14471  184.081  0.459783  0.716287 0.159395  0.287782  20.296  82.774  0.019347  0.411096  0.000466386  -1.63428  1.5362    2091.12  -1008.27
199.770833 0.845508 134.499  0.495306  0.287848 0.103536  0.187365  20.265  81.766  9999      999999    -0.000457799 -6.70657  40.9467   2253.5   568.493
199.791667 0.255245 155.932  0.533771  0.169578 0.099214  0.107666  20.704  78.105  9999      999999    -0.053452    -6.75859  18.6728   2046.56  113.161
199.8125   1.32775  184.139  0.501722  0.259069 0.124043  0.287336  20.686  77.752  9999      999999    -0.0038564   2.85854   -21.4116  2039.96  -214.343
199.833333 1.62629  130.862  0.381982  0.659559 0.108674  0.134246  20.428  79.59   9999      999999    -0.0174093   -5.76763  -8.35646  2130.94  -338.851
199.854167 0.861251 173.443  0.20296   0.56394  0.081988  0.216044  20.54   77.594  9999      999999    -0.00511616  -0.40272  -4.87384  2060.7   27.4657
199.875    0.922039 157.385  0.465253  0.38128  0.08202   0.228353  20.415  78.606  0.053104  -1.766    0.00351375   7.87008   -28.3681  2254.34  -305.257
199.895833 0.783902 161.581  0.183814  0.242094 0.063621  0.284612  20.591  74.003  0.012806  0.039043  0.000204345  -5.00057  27.443    1735.63  343.326
199.916667 0.918119 146.273  0.186185  0.368147 0.06111   0.218765  20.589  76.614  9999      999999    -0.00100046  -9.38834  32.1993   2001.33  412.512
199.9375   1.41076  121.488  0.149843  0.142137 0.089175  0.180718  20.439  79.018  0.094034  -41.6162  0.0110175    1.85309   3.53132   2141.73  103.154
199.958333 1.17508  152.274  0.311324  0.622739 0.422393  0.388047  22.601  69.894  0.287175  -11.4588  0.102757     191.88    105.239   1941.04  443.744
199.979167 1.62159  157.899  0.416761  0.708802 0.435981  0.444239  22.984  68.967  0.282335  -10.579   0.0993223    197.448   45.086    2046.68  31.3121
200        1.56648  142.9    0.771881  0.603906 0.457082  0.363818  24.781  62.552  0.455606  -71.3067  0.258641     123.272   463.521   1732.86  580.703
200.020833 2.19482  138.512  0.75166   0.61177  0.487226  0.505867  24.851  61.939  0.485579  -48.2546  0.293791     220.692   435.201   1713.94  -199.319
200.041667 1.28069  130.155  0.610723  0.500175 0.469729  0.72144   26.095  59.274  0.411352  -22.9523  0.210836     282.501   318.425   2296.24  -1449.06
200.0625   1.3972   128.149  0.599449  0.527217 0.524237  0.571297  26.396  56.669  0.442312  -29.0146  0.243767     277.98    424.345   1301.96  -635.784
200.083333 1.39921  130.471  0.622911  0.68576  0.672712  0.753233  26.174  58.834  0.539505  -27.8977  0.362668     525.938   769.644   1611.31  -3427.44
200.104167 2.37034  131.112  1.039     0.854086 0.603441  0.515121  25.813  60.703  0.483227  -37.2262  0.290951     283.45    223.225   1403.12  26.8259
200.125    2.46659  129.455  0.87904   0.796945 0.638613  0.545045  25.965  59.348  0.580975  -53.004   0.420565     346.502   459.22    1061.51  -122.93
200.145833 2.40498  142.043  0.792218  0.881964 0.573863  0.501552  26.052  59.242  0.487224  -40.8624  0.295785     265.314   415.925   921.125  -225.134
200.166667 3.00092  126.31   0.979009  0.781915 0.653094  0.519161  26.271  57.154  0.628823  -68.037   0.492691     342.834   443.036   819.626  -20.1724
200.1875   2.06223  129.2    0.910828  0.771016 0.622934  0.568757  26.826  54.391  0.598968  -55.726   0.447018     362.003   411.068   656.321  43.9149
200.208333 1.19046  107.276  0.962038  0.868391 0.825778  0.747403  27.644  52.776  0.653354  -58.0856  0.531882     451.824   388.67    767.436  92.8419
200.229167 1.31973  115.017  0.676109  0.984491 0.712377  0.580229  27.656  53.743  0.551239  -45.8831  0.378615     343.788   127.452   1101.55  -515.015
200.25     1.58659  126.089  0.883777  1.10465  0.725216  0.510364  28.26   51.511  0.561619  -45.3666  0.393008     367.889   411.594   1053.38  626.026
200.270833 2.10029  122.232  0.96518   1.00377  0.6978    0.581321  28.308  51.952  0.673594  -75.2535  0.565346     382.671   300.109   1204.54  -1627.44
200.291667 2.9554   107.861  0.914178  0.62403  0.573082  0.423517  28.013  53.083  0.598613  -79.894   0.446489     252.756   153.193   1251.03  177.285
200.3125   1.9558   118.929  0.739029  0.868152 0.653563  0.488671  29.11   47.968  0.564153  -53.4299  0.396563     316.736   164.681   1108.96  -66.4362
200.333333 2.13311  109.087  0.790084  0.96862  0.627837  0.427214  29.505  46.191  0.56349   -58.6057  0.395631     287.883   143.568   1012.06  257.694
200.354167 2.98852  137.079  0.826886  1.14055  0.657999  0.491709  27.923  52.539  0.571348  -56.791   0.406742     309.628   184.543   1114.36  366.965
200.375    2.51522  169.992  0.899167  1.18004  0.538437  0.469199  25.535  63.968  0.3497    -20.501   0.152373     196.474   111.381   1467.15  -150.12
200.395833 2.19127  221.287  1.43919   0.832579 0.425269  0.618732  23.464  70.198  9999      999999    -0.109096    111.475   171.558   1334.99  -178.606
200.416667 2.29017  230.092  0.971488  0.875494 0.361036  0.482718  22.425  73.469  9999      999999    -0.240819    85.6278   125.323   1176.97  -322.973
200.4375   1.38079  230.45   0.529639  0.633114 0.261354  0.524592  21.878  74.948  9999      999999    -0.0639276   77.9921   -31.533   1173.41  48.0488
200.458333 1.49255  151.797  0.735379  0.617469 0.383189  0.480018  22.141  75.207  0.273445  -21.1275  0.0931659    90.3949   21.6944   1251.9   43.8063
200.479167 2.7113   131.984  0.710224  0.68072  0.40708   0.328558  21.863  80.25   0.352431  -49.8304  0.154763     81.9932   14.7208   1472.38  114.783
200.5      2.47348  135.582  0.623311  0.547497 0.317018  0.194541  21.607  82.384  0.303926  -567.624  0.115094     4.61172   8.80848   1792.26  -1713.49
200.520833 2.50437  145.139  0.540427  0.491699 0.28149   0.28961   21.556  82.341  0.239256  -36.3706  0.0713254    35.1157   24.3036   1253.33  -54.1953
200.541667 1.70034  159.131  0.32839   0.215092 0.185636  0.127526  21.555  81.273  0.149744  191.914   0.0279392    -1.63103  16.9901   1005.89  -55.1651
200.5625   2.16091  146.686  0.54249   0.402372 0.206899  0.210673  21.557  79.109  0.179287  -143.174  0.0400513    3.75314   -30.0789  924.478  -142.754
200.583333 1.62053  148.173  0.568305  0.404266 0.206485  0.171095  21.58   80.764  0.162149  69.7265   0.0327602    -5.69874  -39.6743  1581.26  42.7835
200.604167 1.58579  131.718  0.419667  0.28164  0.153424  0.182678  21.532  81.304  0.142634  -161.895  0.025349     1.67024   -6.14836  1560.78  135.933
200.625    1.27798  139.754  0.448513  0.248333 0.096984  0.133786  21.506  81.272  9999      999999    -0.00145199  3.03076   7.71036   1513.72  93.6184
200.645833 0.993246 229      0.601568  0.531919 0.145453  0.320079  20.808  82.657  9999      999999    -0.012426    2.20087   23.6729   1390.76  0.25892
200.666667 1.26376  151.036  0.630672  0.420947 0.184974  0.211842  20.968  83.591  0.124844  -58.3026  0.0194201    3.10817   20.0013   1418.29  387.701
200.6875   1.24441  160.976  0.364361  0.335589 0.15639   0.166074  21.285  83.877  9999      999999    -0.0094218   3.70934   -3.34163  1677.26  -444.914
200.708333 1.3947   169.081  0.248469  0.297022 0.141502  0.051278  21.257  84.425  9999      999999    -0.00156486  -1.73853  -3.15168  1729.02  735.786
200.729167 1.65685  171.73   0.38128   0.276615 0.184093  0.148381  21.214  84.013  9999      999999    -0.0155383   0.157562  -11.5275  1158.26  -389.656
200.75     1.86914  153.146  0.377327  0.295885 0.17366   0.083747  21.296  83.53   0.119883  50.6153   0.0179073    -3.1704   11.5921   1110.7   20.8565
200.770833 2.22632  143.085  0.447164  0.256613 0.090081  0.142221  21.139  84.069  0.10212   52.8932   0.0129939    -1.87472  2.53967   1151.44  -56.6982
200.791667 1.57543  156.797  0.325242  0.201988 0.166836  0.099143  21.024  84.225  9999      999999    -0.00493494  3.38297   -15.457   1410.71  -106.542
200.8125   1.25332  156.29   0.315157  0.204288 0.141065  0.183616  20.898  84.746  0.119214  41.8416   0.0177082    -3.76725  -0.662485 900.281  -245.922
200.833333 0.870658 148.309  0.47044   0.232484 0.11394   0.120909  20.863  85.005  9999      999999    -0.00411727  1.62955   -3.83882  545.086  -72.3709
200.854167 1.01018  254.484  0.602292  0.186751 0.154     0.229323  20.33   85.409  9999      999999    -0.0469415   -15.675   -22.3618  917.481  471.253
200.875    1.79618  258.865  0.309084  0.200089 0.163447  0.183683  19.925  86.726  0.074555  7.05102   0.00692584   -5.45376  8.92022   912.158  306.54
200.895833 1.74141  255.499  0.363794  0.198329 0.155995  0.225259  19.876  86.544  0.018002  -0.084108 0.000403805  6.43461   68.4664   812.252  154.909
200.916667 1.49676  264.275  0.197102  0.194437 0.170976  0.140266  19.909  85.639  0.082561  -14.7361  0.00849305   3.54391   -13.1194  827.733  -112.433
200.9375   1.67456  254.328  0.410513  0.187189 0.148472  0.21047   20.114  84.501  9999      999999    -0.014674    12.5133   5.36166   808.231  -29.9852
200.958333 1.42215  268.776  0.301788  0.247426 0.194569  0.220846  20.72   82.366  9999      999999    -0.0254342   22.5885   -24.5906  762.542  -133.244
200.979167 1.07329  268.188  0.251927  0.173456 0.152202  0.194722  21.714  77.978  0.064668  -5.84359  0.00521069   4.29787   -1.88095  745.043  30.9424
201        1.39067  262.19   0.323087  0.252167 0.199098  0.163622  21.64   78.019  0.107147  -7.08541  0.0143047    16.1177   13.7711   645.344  -9.84994
201.020833 1.22468  248.483  0.630316  0.307126 0.178213  0.653768  21.517  77.403  9999      999999    -0.00235576  59.7063   -39.8787  481.709  -98.8218
201.041667 0.421122 339.362  0.45116   0.725569 0.464302  0.994325  24.342  67.587  0.204137  -2.98291  0.0519232    266.277   582.511   1430.7   15569.8
201.0625   0.885128 251.335  0.70923   0.309897 0.366092  1.16395   24.612  67.926  0.119224  -0.475449 0.017711     333.068   76.0705   1536.94  7427.19
201.083333 0.930822 247.752  0.567769  0.460359 0.320689  1.01274   23.1    72.745  0.2373    -4.37212  0.0701638    285.549   9999      665.255  -586.879
201.104167 0.777054 74.6015  0.61482   0.66236  1.04361   0.953003  25.841  59.184  0.609067  -35.2425  0.462219     602.5     288.575   857.185  -1307.9
201.125    0.719405 275.124  0.716898  0.560893 1.0332    1.32043   27.799  52.242  0.707078  55.835    9999         9999      9999      795.973  248.208
201.145833 1.10154  74.699   1.06594   0.736494 1.0387    0.851282  27.486  51.545  0.882467  -82.2     9999         786.697   9999      717.602  -2330.47
201.166667 1.41403  83.1278  0.908788  0.85518  0.462196  1.18118   25.067  61.165  0.402797  -30.6963  0.202157     200.115   175.306   727.015  -513.903
201.1875   1.57174  85.259   0.757969  1.20998  0.515512  0.343953  24.736  62.646  0.50839   -112.682  0.322042     109.397   149.397   697.273  -1528.76
201.208333 3.03811  160.324  1.01745   1.07532  0.741628  0.758417  24.687  66.559  0.593034  -43.5936  0.438205     446.586   9999      534.169  100.848
201.229167 3.72903  164.593  1.06021   1.00032  0.667089  0.476815  22.11   74.776  0.420642  -33.1141  0.220467     209.171   9999      514.144  -1394.03
201.25     1.83323  188.081  0.634238  1.56407  0.486396  1.36217   21.421  79.541  9999      999999    -0.0504601   279.183   9999      1094.66  -667.891
201.270833 4.2281   95.0042  1.04265   0.762908 0.402461  0.411367  19.633  87.49   9999      999999    -0.000779511 12.1555   9999      1387.97  6213.74
201.291667 2.02288  105.925  0.760729  0.8798   0.340299  0.55087   19.524  86.181  9999      999999    -0.262387    9999      9999      870.838  1144.12
201.3125   3.17746  85.7863  0.846306  2.61843  0.461916  1.50944   20.301  76.877  0.338642  -185.713  0.14289      19.6818   9999      743.661  -249.031
201.333333 4.50517  14.9159  1.35813   1.22549  0.589011  1.00942   18.997  89.546  9999      999999    -0.000869952 -48.6234  9999      765.596  233.091
201.354167 1.73004  332.691  0.895495  1.45295  0.246407  0.339752  19.34   87.929  9999      999999    -0.0586403   1.70178   117.406   482.708  -183.256
201.375    2.50278  243.824  0.630394  0.333478 0.231445  0.1303    19.307  89.444  0.165251  -36.8867  0.0340256    11.4883   326.369   739.786  350.422
201.395833 2.24479  247.607  0.415365  0.2815   0.157977  0.231881  19.331  89.424  0.029972  0.840904  0.00111929   -3.00823  19.2469   545.946  102.576
201.416667 0.810215 249.793  0.935604  0.337478 0.234455  0.643902  20.354  82.437  9999      999999    -0.138268    -1.99622  9999      1566.73  3041.81
201.4375   1.07767  241.853  0.735116  0.321278 0.224116  0.312157  20.185  78.506  0.247969  83.5782   0.0766151    -17.0614  147.81    966.367  3414.15
201.458333 2.1939   239.199  0.51475   0.403885 0.316677  0.812401  20.03   79.643  0.313515  -1156.93  0.122471     2.47773   128.554   648.159  -288.718
201.479167 1.69302  232.617  0.41628   0.285388 0.182453  0.245329  20.506  77.641  9999      999999    -0.0706706   34.342    -26.8762  1115.39  -543.495
201.5      1.6919   224.046  0.428979  0.307661 0.185409  0.23724   20.523  80.1    9999      999999    -0.0611504   34.0999   8.65822   1426.25  14.1946
201.520833 1.795    188.612  0.381675  0.573286 0.324553  0.396066  20.865  80.01   9999      999999    -0.0471574   129.351   -16.7002  1186.38  -292.2
201.541667 1.6803   177.103  0.182684  0.550131 0.311658  0.328805  21.002  79.805  0.090836  -0.619283 0.010281     112.72    10.0806   1175.39  70.7391
201.5625   1.56428  168.999  0.315135  0.549639 0.325984  0.361118  21.032  79.152  0.117481  -1.24921  0.0171971    120.922   -33.8614  1197.76  30.4555
201.583333 0.87527  183.345  0.408452  0.510367 0.214354  0.477266  20.794  79      9999      999999    -0.00487855  61.8416   9999      1077.93  -999.766
201.604167 1.29192  234.704  0.545699  0.43307  0.129148  0.331927  20.359  81.313  9999      999999    -0.0165641   0.322107  4.81605   1111.89  41.7405
201.625    1.0213   220.927  0.294382  0.280686 0.159892  0.129712  20.693  78.507  9999      999999    -0.0186826   12.7254   0.248467  1011.32  -56.5963
201.645833 1.21659  238.56   0.294395  0.235097 0.123223  0.161165  20.674  78.235  9999      999999    -0.0230297   7.93027   -1.2336   988.619  51.3315
201.666667 1.9505   255.801  0.606709  0.214807 0.237037  0.554632  19.904  82.73   0.06363   1.08044   0.00504475   -22.1153  51.0084   1002.12  61.3539
201.6875   1.27835  268.551  0.279402  0.286554 0.172736  0.176298  20.586  78.115  9999      999999    -0.00575484  1.15243   -2.67418  808.833  -25.5163
201.708333 1.65004  269.282  0.386254  0.446942 0.227257  0.410115  20.548  77.913  0.106375  -3.01371  0.0140992    37.1046   -50.6955  797.934  -320.22
201.729167 1.65592  257.502  0.38295   0.210805 0.18619   0.351244  19.998  80.574  0.033295  -0.485253 0.00138129   7.05565   -20.0979  822.923  170.913
201.75     1.91994  253.943  0.299214  0.23915  0.153843  0.194176  19.862  81.18   9999      999999    -0.00550652  11.0463   -7.35373  761.646  -97.2083
201.770833 1.88403  265.453  0.407574  0.437877 0.185231  0.376637  20.132  79.049  0.057074  2.71614   0.00405871   -6.35205  7.96438   778.191  84.2394
201.791667 1.72362  267.629  0.403426  0.405325 0.191077  0.395782  20.059  79.024  0.092632  -483.102  0.0106915    0.152599  -10.3611  751.423  -2.23648
201.8125   2.13604  254.57   0.426235  0.258822 0.188491  0.504318  19.672  81.307  9999      999999    -0.00391753  49.3669   9999      763.2    -177.44
