cases/OP3/data/man-sonic-2_bukit-atur_20080621_micromet.na
41 1001
Whitehead, James
Centre for Atmospheric Science, The University of Manchester, Manchester, M13 9PL
Micrometeorological parameters and fluxes, measured at 45 m on GAW tower, Bukit Atur
OP3 campaign 3
1 1
2008 06 21 2009 01 30
0
time (days since 2008-01-01 00:00:00 + 00:00)
15
1 1 1 1 1 1 1 1 1 1 1 1 1 1 1
9999 9999 9999 9999 9999 9999 9999 9999 9999 999999 9999 9999 9999 99999 99999
Wind speed (m/s)
Wind direction (degrees)
Standard deviation of horizontal wind component, u (m/s)
Standard deviation of horizontal wind component, v (m/s)
Standard deviation of vertical wind component, w (m/s)
Standard deviation of temperature (degrees C)
Temperature (degrees C)
Relative humidity (%)
Friction velocity (m/s)
Monin-Obukhov length (m)
Momentum flux or shear stress (kg/m/s^2)
Sensible heat flux (W/m^2)
Latent heat flux (W/m^2)
Particle number count (CPC3010 Dp > 10 nm) (#/cc)
Particle flux (CPC3010 Dp > 10 nm) (#/cm^2/s)
9
Wind and turbulence data, and sensible heat fluxes, measured using an RM Young ultrasonic anemometer
Temperature and RH recorded with a Vaisala probe
Latent heat fluxes measured with a Krypton Hygrometer in conjunction with the RM Young
Particle concentrations and fluxes measured with CPC3010 in conjunction with the RM Young
Flux measurements may be subject to further revision. Please contact James Whitehead before use.
Data are 30 minute averages with the time stamp at the end of the averaging period
Higher time-resolution raw data also available on request
Time is UTC
THIS-FILE-ENDS = 2008 07 24
3
email: James.Whitehead@manchester.ac.uk

Local_Day-of-year Wind_speed_(m/s) Wind_dir sigma_u_(m/s) sigma_v_(m/s) sigma_w_(m/s) sigma_T_(deg C) T_(deg C) RH_(%) u*_(m/s) L_(m) tau_(kg/m/s^2) H_(W/m^2) lE_(W/m^2) CPC3010_conc_(#/cc) CPC3010_flux_(#/cm^2/s)
[from data line 105]
175.604167 3.189    224.059  0.518837  0.600252 0.195293  0.320622  20.939  78.887  0.104474  4.12255   0.0135998    -25.765   168.56    1770.5   -127.517
175.625    1.98064  182.107  0.771614  0.61808  0.30239   0.186037  21.55   72.579  0.26004   99.1386   0.0842556    -16.5357  155.76    1789.39  77.9173
175.645833 3.00095  165.102  0.715028  0.425833 0.341868  0.173898  21.753  69.145  0.231509  133.495   0.0667814    -8.67051  18.2299   1768.9   -21.9779
175.666667 2.06563  177.173  0.506891  0.342267 0.241312  0.09013   21.724  69.301  0.179083  92.5868   0.0399603    -5.7837   34.0435   1729.81  122.739
175.6875   2.58947  165.76   0.673636  0.444627 0.277395  0.198136  21.511  69.362  0.134664  28.8928   0.0225954    -7.87503  144.914   1644.53  -101.484
175.708333 2.19849  180.316  0.601057  0.576032 0.311426  0.182253  21.51   68.262  0.23919   87.8611   0.0712862    -14.515   12.4747   1640.27  -2.98608
175.729167 1.57709  219.774  0.697569  0.695385 0.21359   0.33583   21.066  72.601  9999      999999    -0.0134678   3.56928   -11.0243  1644.71  7.97465
175.75     2.02781  199.523  0.737629  0.532662 0.355344  0.416241  21.302  69.115  0.224579  93.0291   0.0628431    -11.3439  5.52973   1638.44  -33.5993
175.770833 1.91191  176.893  0.700664  0.888474 0.396682  0.415331  21.64   67.767  0.096238  -3.73301  0.0115401    22.2426   -28.1928  1638.12  -48.0058
175.791667 2.5295   174.456  0.848616  0.534312 0.332836  0.2781    21.207  69.466  0.227041  84.4113   0.0642281    -12.8999  12.3463   1701.68  -5.63496
175.8125   2.67463  186.17   0.810316  0.751381 0.443066  0.277025  21.017  71.382  0.328816  106.385   0.134717     -31.0872  50.8755   1801.52  539.349
175.833333 3.29036  207.834  0.737275  0.54607  0.319978  0.483596  20.844  73.437  0.276396  335.75    0.0951881    -5.8509   -12.7272  1885.96  -38.0436
175.854167 3.38312  201.014  0.609464  0.424408 0.391907  0.197288  21.272  72.739  0.272326  313.696   0.0924053    -5.99764  -24.0356  1999.21  -74.8626
175.875    2.8802   190.539  0.870276  0.526794 0.484793  0.201663  21.159  75.181  0.342809  201.579   0.146427     -18.6066  -13.4239  2148.54  -110.761
175.895833 2.50546  182.578  0.808374  0.652437 0.461596  0.233525  20.951  76.289  0.379633  223.022   0.179575     -22.8242  1.92395   2105.46  -107.216
175.916667 3.59454  200.276  0.952873  0.634033 0.461643  0.202439  21.071  76.078  0.362047  251.375   0.163323     -17.5798  4.29074   1993.29  -57.9362
175.9375   4.17393  203.333  0.885396  0.513413 0.512963  0.226554  21.176  76.017  0.421904  249.326   0.221792     -28.06    14.6167   1994.1   -3.7013
175.958333 3.27985  210.453  1.14051   0.561273 0.469874  0.218386  21.304  76.59   0.373843  2834.66   0.174139     -1.71623  14.8085   2002.53  -32.7855
175.979167 2.14691  188.471  0.914095  0.714075 0.494653  0.211043  21.798  75.63   0.414525  -3845.6   0.214101     1.72469   40.0483   2009.15  82.1982
176        1.81173  180.053  0.81496   0.60728  0.440711  0.233254  22.865  72.292  0.355244  -73.5232  0.157243     56.8293   115.069   1996.13  -21.0915
176.020833 1.28833  178.459  0.691706  0.49529  0.376463  0.418748  23.208  71.971  0.330482  -51.3356  0.136086     65.6065   203.801   1964.62  -7.50591
176.041667 1.3677   175.359  0.825009  0.554521 0.489979  0.378491  23.849  69.439  0.425243  -50.8307  0.225316     141.263   337.329   2132.82  -370.532
176.0625   2.01688  188.224  1.2314    0.741935 0.535975  0.528211  23.683  69.292  0.480116  -92.5822  0.287218     111.77    256.375   2062.49  370.844
176.083333 2.01292  186.587  1.26999   0.794027 0.641536  0.618405  24.103  67.51   0.561964  -91.207   0.393492     182.287   343.769   1842.02  -174.705
176.104167 1.54926  186.879  0.794664  0.668135 0.474826  0.466655  24.826  64.583  0.385419  -49.5375  0.185091     108.416   206.821   1722.11  -493.808
176.125    2.99532  198.678  1.39345   0.780764 0.689226  0.294684  24.632  61.148  0.544332  -128.074  0.369187     118.196   387.743   1558.25  -248.436
176.145833 3.4363   199.417  1.53034   0.843084 0.775643  0.344625  24.662  58.199  0.630962  -213.786  0.496049     110.389   499.207   1555.86  28.4065
176.166667 2.7685   196.828  1.37525   0.842638 0.661107  0.371994  25.214  55.789  0.456727  -67.9726  0.259915     131.808   402.554   1614.72  215.76
176.1875   2.75076  198.018  1.19426   0.723936 0.674155  0.549497  25.59   56.707  0.438414  -34.2087  0.23949      232.021   519.53    1619.6   -301.558
176.208333 3.09979  198.256  1.55846   0.7244   0.68702   0.478991  25.833  55.485  0.606101  -102.826  0.457729     204.027   596.433   1653.95  -170.468
176.229167 2.30438  190.041  1.2164    0.933348 0.705639  0.57723   26.38   54.548  0.506599  -54.0124  0.319776     227.071   610.906   1657.59  -31.8981
176.25     3.01091  199.785  1.49376   0.783731 0.712225  0.519725  26.851  52.965  0.603124  -77.2416  0.453243     268.078   695.744   1738.73  -262.46
176.270833 3.54169  206.333  1.37343   0.745248 0.556782  0.469621  26.088  54.138  0.553369  -112.85   0.381546     141.641   403.853   1975.5   1357.42
176.291667 2.88116  202.011  1.41032   0.6953   0.614048  0.502871  26.724  50.881  0.526945  -86.3098  0.345979     159.964   626.196   1688.34  4273.2
176.3125   3.10311  199.6    1.02407   0.567228 0.639116  0.38431   26.63   51.052  0.477296  -62.922   0.283853     163.086   480.042   1507.63  -19.2063
176.333333 2.23959  198.388  0.982211  0.504025 0.571242  0.492068  27.14   50.054  0.446856  -41.6401  0.248802     202.401   513.273   1578.38  -219.529
176.354167 1.51084  197.129  0.769165  0.515695 0.547016  0.552756  27.396  51.633  0.422626  -36.971   0.222552     192.85    527.279   1656.27  -43.4201
176.375    1.3306   193.178  0.670124  0.479797 0.526535  0.38526   27.775  50.522  0.342195  -24.7761  0.145903     152.704   533.7     1672.08  17.6331
176.395833 1.59629  195.335  0.672398  0.46489  0.516236  0.312641  27.339  50.715  0.302352  -30.7293  0.113905     84.8064   404.813   1891.47  131.154
176.416667 2.18232  156.048  1.19627   0.936707 0.395401  0.406801  26.449  55.497  0.27226   -775.641  0.0923601    2.44724   114.123   2349.43  -389.804
176.4375   4.55523  141.115  0.963275  0.674916 0.380334  0.204937  23.75   69.697  0.375905  -1636.99  0.176066     3.04369   77.6609   2371.11  -161.713
176.458333 4.57052  146.352  0.946062  0.685812 0.420228  0.140806  22.99   70.919  0.366398  2079.17   0.167273     -2.21591  51.2066   2389.99  70.1187
176.479167 4.92884  142.304  0.859744  0.612741 0.324133  0.181789  22.641  70.576  0.221763  159.262   0.061277     -6.40603  4.01749   2358.32  42.7665
176.5      4.86818  142.915  0.813536  0.557378 0.313993  0.170333  22.43   69.832  0.25471   271.985   0.0808369    -5.67872  18.6987   2558.87  -12.0639
176.520833 3.95552  142.805  0.612253  0.389082 0.19288   0.184286  21.991  72.593  9999      999999    -0.0462489   6.97448   -12.0533  2725.61  -694.852
176.541667 3.00877  153.778  0.37738   0.527956 0.203307  0.25376   22.011  71.247  9999      999999    -0.0357289   -32.6287  76.2306   3102.91  -1668.11
176.5625   2.85375  155.437  0.293392  0.418023 0.17083   0.278692  21.998  70.655  9999      999999    -0.0185134   -29.9136  -1.91484  3119.06  -672.372
176.583333 2.87183  143.755  0.733811  0.200656 0.125653  0.218731  21.679  71.485  9999      999999    -0.0660677   -16.425   -4.27819  3098.13  -658.471
176.604167 1.38426  188.943  0.247195  0.629948 0.167486  0.195235  22.352  65.781  0.100815  -18.751   0.0126639    5.10986   9999      2783.92  -3315.54
176.625    1.25703  162.5    0.349495  0.742718 0.122408  0.475822  22.387  66.836  0.12254   -5.30718  0.01871      32.3626   -79.4604  2824.07  -616.597
176.645833 1.91139  110.565  0.357117  0.493302 0.159333  0.187127  21.739  70.375  9999      999999    -0.0133724   -10.6207  37.8806   2803.21  212.789
176.666667 2.24475  99.147   0.243479  0.252858 0.145865  0.089218  21.525  71.982  9999      999999    -0.0116609   2.09176   -23.7624  2700     -655.351
176.6875   2.44464  101.496  1.04633   0.394093 0.155009  0.361391  21.312  72.743  0.261285  96.155    0.085064     -17.2659  69.3471   2576.44  872.264
176.708333 0.508484 299.132  0.707966  0.404735 0.134996  0.404696  20.353  80.162  0.071848  -3.40057  0.00643207   10.1179   -80.097   2728.25  -196.565
176.729167 0.648979 231.997  0.539037  0.499696 0.111977  0.372873  20.033  81.381  9999      999999    -0.0101208   0.786126  -15.2224  2592.24  -501.43
176.75     0.97653  252.915  0.233264  0.505587 0.102387  0.215857  20.056  82.446  9999      999999    -0.00140157  -4.47005  67.44     2736.6   133.89
176.770833 1.52328  242.631  0.490464  0.321318 0.163038  0.214281  19.756  82.582  9999      999999    -0.0554935   -7.91332  9999      2542.22  -1861.67
176.791667 1.66487  257.396  0.259219  0.235237 0.157539  0.256029  19.918  78.373  9999      999999    -0.00553148  16.6359   -1.50605  2217.47  736.179
176.8125   2.0763   264.425  0.296658  0.339406 0.224787  0.232894  19.595  79.275  0.076147  -14.4718  0.00722481   2.82698   -8.4358   2072.86  -70.1041
176.833333 1.3929   252.235  0.308749  0.510367 0.143491  0.453625  20.24   74.156  9999      999999    -0.00156233  5.88144   -7.55585  1937     -87.0303
176.854167 1.11559  181.873  0.359945  0.310547 0.180938  0.178676  21.356  67.519  0.100015  21.7526   0.0124636    -4.28428  -21.4571  1576.26  -41.8058
176.875    1.35166  154.459  0.412755  0.331243 0.111156  0.107113  21.379  68.959  0.046514  3.86911   0.00269575   -2.42183  -12.5819  1555.89  71.8435
176.895833 1.24037  173.42   0.463328  0.228832 0.081404  0.157512  21.196  70.118  9999      999999    -0.00724421  1.21298   5.47151   1567.35  -107.823
176.916667 2.95002  163.622  0.392896  0.229067 0.221808  0.065337  21.161  72.698  9999      999999    -0.0106181   -3.17123  17.3543   1386.37  34.6307
176.9375   2.11801  170.111  0.715465  0.334267 0.270077  0.148851  21.371  72.466  9999      999999    -0.0112152   0.001112  -3.50092  1383.24  63.6825
176.958333 1.33168  163.856  0.591948  0.292933 0.24701   0.09102   22.859  67.163  0.221424  -130.602  0.0610896    7.73127   20.5634   1384.14  -48.5066
176.979167 2.93014  139.127  0.572603  0.360322 0.202754  0.160097  23.445  65.701  0.157438  -82.5198  0.0308841    4.39643   12.607    1419.55  -14.3568
177        3.62684  137.64   0.707354  0.491429 0.30224   0.145651  23.188  69.049  0.277785  -160.262  0.096147     12.4307   23.0175   1556.85  187.944
177.020833 1.73828  135.369  0.928149  0.581928 0.492505  0.540949  24.085  67.371  0.477952  -51.6028  0.284634     197.06    258.921   1777.13  -122.265
177.041667 1.75298  133.195  0.78628   0.557053 0.448317  0.499747  25.487  63.077  0.428834  -40.0328  0.229138     183.68    219.309   1591.68  621.968
177.0625   1.96756  128.75   0.676218  0.630653 0.42323   0.581153  25.167  64.756  0.374814  -25.6471  0.175045     191.611   313.137   1503.18  -44.8971
177.083333 1.84641  121.609  0.759595  0.534368 0.417601  0.545584  26.343  60.691  0.389933  -32.0018  0.189451     173.428   295.039   1454.08  -122.343
177.104167 0.746437 210.705  0.68031   1.0706   0.415265  0.300944  24.245  68.478  0.343817  -52.9982  0.147289     71.7886   34.0745   1463.45  -742.894
177.125    0.595617 165.292  0.601731  1.15386  0.501147  1.06276   25.161  63.461  0.166815  -2.28168  0.0346727    191.175   245.503   1528.45  -97.9708
177.145833 1.46677  122.236  0.618528  0.525061 0.352423  0.363088  28.082  53.089  0.283922  -26.642   0.100442     80.6591   167.485   1546.1   -103.589
177.166667 1.52064  73.1447  0.880987  0.48592  0.448248  0.383468  25.44   64.351  9999      999999    -0.00627305  37.9098   73.2502   1586.24  -300.059
177.1875   3.27902  120.126  1.35956   1.15324  0.576515  0.60735   26.776  58.865  0.630821  -169.115  0.495827     139.658   580.806   1549.26  -376.613
177.208333 2.38529  203.924  1.09956   1.44054  0.823334  0.925504  21.166  78.578  9999      999999    9999         9999      9999      1171     -3821.33
177.229167 1.48998  244.802  0.679086  0.958085 0.487171  0.359196  21.872  78.151  9999      999999    -0.232659    -59.5878  9999      1378.51  -77.231
177.25     1.27634  310.933  0.94507   0.606809 0.643446  2.31327   24.389  72.371  9999      999999    9999         9999      9999      1341.73  -3479.27
177.270833 0.616905 201.048  0.61322   0.910626 0.458836  1.20635   25.686  69.857  9999      999999    -0.116056    208.266   -0.385662 1284.99  566.721
177.291667 0.752069 273.489  1.00608   0.642036 0.398952  1.14457   26.794  64.914  9999      999999    -0.0385866   251.119   61.6668   1378.07  -240.582
177.3125   0.666365 255.389  0.700656  0.52699  0.321851  0.792794  25.343  70.668  9999      999999    -0.0100045   90.812    147.669   1443.65  -93.068
177.333333 1.81542  117.402  1.55841   0.58771  0.629833  2.07474   27.086  64.112  9999      999999    9999         9999      9999      1654.57  -2200.91
177.354167 1.44027  92.2761  0.56458   0.694328 0.497659  0.376851  22.786  80.106  9999      999999    9999         9999      9999      2084.93  -954.26
177.375    3.14412  123.531  0.422202  0.653469 0.411663  0.377354  22.996  75.929  0.154109  2.55754   0.0295921    9999      -38.5028  1846.76  -598.997
177.395833 3.39231  124.198  0.629355  0.440875 0.300808  1.0064    23.345  72.891  0.288425  -100.542  0.103653     22.4134   53.944    1691.59  48.193
177.416667 3.45433  130.195  0.402074  0.294551 0.190015  0.101391  23.566  71.693  0.111422  86.6492   0.0154688    -1.49511  -16.3746  1916.76  124.695
177.4375   3.73572  130.787  0.302583  0.251473 0.145822  0.159577  22.844  74.833  0.042783  4.2299    0.00228068   -1.73301  14.1193   2004.91  -9.25085
177.458333 3.95     128.033  0.477493  0.334534 0.16537   0.114855  22.431  77.028  9999      999999    -0.00547062  1.69326   -24.3118  2056.58  -200.79
177.479167 4.3903   141.556  0.37133   0.323475 0.135572  0.162471  22.176  80.936  0.024061  -2.6081   0.000721355  0.499366  -7.63893  3066.64  70.0425
177.5      2.77571  158.511  0.40688   0.390697 0.229029  0.116586  22.131  79.345  9999      999999    -0.0301076   -13.4641  174.873   2350.98  2551.37
177.520833 2.75648  145.559  0.397663  0.392738 0.132221  0.154313  22.165  76.738  9999      999999    -0.0144549   -3.60611  -34.0845  2240.03  20.053
177.541667 2.19607  122.095  0.355069  0.417385 0.129815  0.171432  21.896  79.653  9999      999999    -0.000656925 -1.37793  -31.7495  2579.59  -2184.36
177.5625   2.2585   129.549  0.401503  0.310855 0.115664  0.168106  21.546  82.512  0.024466  0.378165  0.000745867  -3.61196  -19.5676  3416.58  -931.447
177.583333 1.94277  122.589  0.280865  0.168165 0.102732  0.063117  21.461  82.479  0.04296   3.21758   0.00229959   -2.29778  -3.76103  2402.12  1675.83
177.604167 1.38437  126.63   1.26544   0.229118 0.104054  0.369679  21.382  83.068  0.210397  85.6462   0.0551567    -10.1323  21.87     2272.87  570.725
177.625    1.48704  297.276  1.19033   0.18116  0.282615  0.174158  20.92   86.278  9999      999999    -0.22895     2.78165   -42.0908  2760.74  2609.06
177.645833 2.96453  296.246  0.434035  0.370304 0.286097  0.305384  20.556  88.043  0.039986  -0.391888 0.00199222   15.1674   9999      2263.04  891.807
177.666667 2.72067  304.002  0.812779  0.665851 0.354258  0.677575  20.517  88.146  9999      999999    -0.262045    253.799   9999      1757.71  2249.74
177.6875   1.90266  317.867  0.292916  0.177734 0.158201  0.176534  20.465  87.594  0.065194  1.97437   0.0052958    -13.0459  95.8925   1526.17  -8.67672
177.708333 1.94197  320.419  0.299641  0.551886 0.166408  0.060775  20.367  87.29   9999      999999    -0.0250763   -0.011961 57.0452   1472.91  37.1581
177.729167 2.03026  287.678  0.40992   0.518116 0.166342  0.183305  20.241  86.57   9999      999999    -0.0282365   1.00561   -16.4847  1739.39  -1052.96
