cases/OP3/data/man-ams_bukit-atur_20080624_r3.na
24 1001
Niall Robinson
University of Manchester
bukit-atur
OP3
1 1
2008 06 24 2009 01 30
0
Day of year (UTC)
5
1 1 1 1 1
99999 99999 99999 99999 99999
Organic loading (ug m-3)
Sulphate loading (ug m-3)
Nitrate loading (ug m-3)
Ammonium loading (ug m-3)
Chloride loading (ug m-3)
2
Phase 3. V mode (lower m/z resolution)
Aerodynamic sizing analysis not currently working. Time stamp fixed to UTC from local in this revision. i.e. stamp one = 24/06/2008 10:10:17 local
3
Aerodyne Aerosol Mass Spectrometer (AMS)
Measures speciated mass loadings in micrograms per standard cubic metre.
DOY Org SO4 NO3 NH4 Chl
[from data line 1348]
180.94104 0.548887 0.288061 0.0135428 0.122731 0.00161112
180.94461 99999 99999 99999 99999 99999
180.94796 0.60352 0.304602 0.00977359 0.0405463 0.0019414
180.95154 99999 99999 99999 99999 99999
180.95489 0.553636 0.292776 0.00179272 0.0376654 0.00369195
180.95847 99999 99999 99999 99999 99999
180.96182 0.600212 0.332378 0.00876618 0.106415 0.00237311
180.96540 99999 99999 99999 99999 99999
180.96910 0.579411 0.346684 0.00708321 0.0858833 0.00135577
180.97232 99999 99999 99999 99999 99999
180.97601 0.373511 0.181004 0.00447377 0.0986801 0.00205077
180.97923 99999 99999 99999 99999 99999
180.98293 0.53399 0.30121 0.0179978 0.0621294 0.00429962
180.98615 99999 99999 99999 99999 99999
180.98985 0.735764 0.446292 0.00507887 0.104993 0.00126111
180.99306 99999 99999 99999 99999 99999
180.99676 0.642129 0.33725 0.0124373 0.129634 0.00122344
181.00033 99999 99999 99999 99999 99999
181.00368 0.53105 0.26981 0.00280918 0.105491 0.00242826
181.00726 99999 99999 99999 99999 99999
181.01061 0.739706 0.270841 0.00558218 0.125107 0.00348913
181.01419 99999 99999 99999 99999 99999
181.01754 99999 0.244688 99999 99999 0.00159054
181.04531 99999 99999 99999 99999 99999
181.04889 99999 99999 99999 99999 99999
181.05226 0.557169 0.461744 0.0220002 0.132457 0.00376609
181.05589 99999 99999 99999 99999 99999
181.05924 0.529935 0.396446 0.00553967 0.100559 0.00331952
181.06282 99999 99999 99999 99999 99999
181.06617 0.519214 0.526885 0.0126041 0.131856 0.00317017
181.06975 99999 99999 99999 99999 99999
181.07309 0.599285 0.56143 0.0398113 0.157215 0.00623713
181.07667 99999 99999 99999 99999 99999
181.08002 0.520758 0.473878 0.00409377 0.118036 0.00227051
181.08360 99999 99999 99999 99999 99999
181.08695 0.587253 0.476348 0.0109369 0.119656 -0.000852948
181.09053 99999 99999 99999 99999 99999
181.09388 0.654579 0.518273 0.0183491 0.18827 -0.000184163
181.09746 99999 99999 99999 99999 99999
181.10081 0.638729 0.559178 0.0229399 0.171481 -0.000283202
181.10439 99999 99999 99999 99999 99999
181.10774 0.631753 0.591574 0.0256006 0.167454 0.00637649
181.11131 99999 99999 99999 99999 99999
181.11467 0.748254 0.604183 0.0104367 0.219701 -0.00250016
181.11831 99999 99999 99999 99999 99999
181.12168 0.702394 0.599717 0.0111986 0.136211 0.00535733
181.12527 99999 99999 99999 99999 99999
181.12862 0.67439 0.608044 0.0177542 0.123219 0.000610307
181.13220 99999 99999 99999 99999 99999
181.13555 0.641689 0.646488 0.0221732 0.0953006 0.00763388
181.13913 99999 99999 99999 99999 99999
181.14248 0.723065 0.595283 0.00873872 0.204445 0.00441328
181.14606 99999 99999 99999 99999 99999
181.14942 0.702435 0.611601 0.0193923 0.126397 0.00110285
181.15302 99999 99999 99999 99999 99999
181.15640 0.782737 0.699393 0.00566142 0.239453 0.00136528
181.16001 99999 99999 99999 99999 99999
181.16336 0.764093 0.694688 0.0307044 0.19277 0.00405771
181.16695 99999 99999 99999 99999 99999
181.17030 0.751568 0.729893 0.030363 0.274727 0.00407064
181.17388 99999 99999 99999 99999 99999
181.17723 0.738411 0.664137 0.0120762 0.271483 0.00394689
181.18081 99999 99999 99999 99999 99999
181.18416 0.78346 0.6525 0.0286651 0.187626 0.0037882
181.18774 99999 99999 99999 99999 99999
181.19109 0.751142 0.646405 0.00959908 0.178204 0.00346987
181.19467 99999 99999 99999 99999 99999
181.19803 0.791904 0.658212 0.0241124 0.223097 0.00355665
181.20160 99999 99999 99999 99999 99999
181.20495 0.851191 0.689835 0.0307642 0.244549 0.00660593
181.20853 99999 99999 99999 99999 99999
181.21189 0.910135 0.704709 0.0295573 0.211548 0.00198522
181.21547 99999 99999 99999 99999 99999
181.21882 0.983824 0.675003 0.0473523 0.207354 0.00905591
181.22240 99999 99999 99999 99999 99999
181.22576 0.878362 0.668366 0.00575521 0.24167 0.00700749
181.22935 99999 99999 99999 99999 99999
181.23272 0.882316 0.669254 0.0187568 0.196797 0.00576774
181.23635 99999 99999 99999 99999 99999
181.23971 0.865148 0.684557 0.0366394 0.0845772 0.00556525
181.24335 99999 99999 99999 99999 99999
181.24671 0.917216 0.644835 0.0347856 0.193749 0.00716659
181.25029 99999 99999 99999 99999 99999
181.25365 0.897647 0.643339 0.0202501 0.170486 0.00711758
181.25729 99999 99999 99999 99999 99999
181.26065 0.836112 0.644336 0.0262454 0.241592 0.00290965
181.26423 99999 99999 99999 99999 99999
181.26758 0.868082 0.601295 0.00894646 0.181209 0.00196856
181.27116 99999 99999 99999 99999 99999
181.27451 0.989654 0.518294 0.0266685 0.135926 0.00513985
181.27809 99999 99999 99999 99999 99999
181.28144 0.883692 0.44166 0.0192541 0.143886 0.000825369
181.28502 99999 99999 99999 99999 99999
181.28837 0.915182 0.54098 0.0107462 0.187445 0.00114456
181.29195 99999 99999 99999 99999 99999
181.29531 0.745691 0.502108 0.0175811 0.182742 0.00182966
181.29889 99999 99999 99999 99999 99999
181.30224 0.64059 0.373492 0.0200587 0.11568 0.00260365
181.30582 99999 99999 99999 99999 99999
181.30917 0.787585 0.417104 0.0191493 0.139582 0.00390244
181.31275 99999 99999 99999 99999 99999
181.31610 0.64158 0.371317 0.0236562 0.123017 0.00382949
181.31968 99999 99999 99999 99999 99999
181.32303 0.552657 0.329539 0.0193185 0.0755596 0.00431673
181.32661 99999 99999 99999 99999 99999
181.32996 0.53156 0.284847 0.0112765 0.100069 0.00401925
181.33354 99999 99999 99999 99999 99999
181.33689 0.519905 0.259375 0.0105323 0.0632826 0.0043347
181.34047 99999 99999 99999 99999 99999
181.34382 0.587215 0.348149 0.0162554 0.103918 0.0022607
181.34740 99999 99999 99999 99999 99999
181.35075 0.415942 0.223528 0.00596776 0.136018 0.00140422
181.35433 99999 99999 99999 99999 99999
181.35768 0.321026 0.167952 0.0101354 -0.00613369 0.00033363
181.36126 99999 99999 99999 99999 99999
181.36461 0.466459 0.286816 0.0130888 0.0307806 0.00388864
181.36819 99999 99999 99999 99999 99999
181.37155 0.514756 0.299234 0.0185025 0.10964 0.00501122
181.37513 99999 99999 99999 99999 99999
181.37848 0.370433 0.242697 0.00794164 0.114222 0.00369379
181.38206 99999 99999 99999 99999 99999
181.38576 0.397048 0.21693 0.00932157 0.0332093 0.000955283
181.38898 99999 99999 99999 99999 99999
181.39268 0.621608 0.327808 0.0209207 0.129581 0.00456886
181.39590 99999 99999 99999 99999 99999
181.39960 1.02559 0.558115 0.0465753 0.172851 0.00873348
181.40282 99999 99999 99999 99999 99999
181.40652 0.661965 0.387621 0.029511 0.115093 0.00318372
181.40974 99999 99999 99999 99999 99999
181.41344 0.803514 0.510571 0.0653468 0.177535 0.00555025
181.41701 99999 99999 99999 99999 99999
181.42036 0.854307 0.491564 0.0397363 0.140674 0.00408078
181.42394 99999 99999 99999 99999 99999
181.42729 0.85762 0.56456 0.0431105 0.152683 0.00687512
181.43087 99999 99999 99999 99999 99999
181.43422 1.01909 0.603203 0.0631155 0.201102 0.0155862
181.43780 99999 99999 99999 99999 99999
181.44115 0.934215 0.587207 0.0511127 0.163121 0.0130143
181.44473 99999 99999 99999 99999 99999
181.44808 0.942681 0.621443 0.0833545 0.173681 0.0141576
181.45166 99999 99999 99999 99999 99999
181.45501 1.21882 0.703528 0.120527 0.259321 0.029576
181.45859 99999 99999 99999 99999 99999
181.46195 1.21362 0.684055 0.102728 0.253858 0.0292482
181.46552 99999 99999 99999 99999 99999
181.46888 1.16301 0.658235 0.0951437 0.251827 0.0265884
181.47246 99999 99999 99999 99999 99999
181.47581 0.937195 0.631437 0.0792939 0.207365 0.0199244
181.47939 99999 99999 99999 99999 99999
181.48274 0.854766 0.650301 0.0860486 0.197594 0.0139694
181.48632 99999 99999 99999 99999 99999
181.48968 0.892362 0.674482 0.047512 0.251748 0.0113579
181.49325 99999 99999 99999 99999 99999
181.49661 0.906056 0.608218 0.0701193 0.170597 0.0140632
181.50018 99999 99999 99999 99999 99999
181.50354 0.86251 0.569523 0.0470277 0.148731 0.0112024
181.50712 99999 99999 99999 99999 99999
181.51047 0.656938 0.395032 0.0340514 0.0965685 0.00634343
181.51405 99999 99999 99999 99999 99999
181.51740 0.582391 0.365371 0.0298874 0.147957 0.00689902
181.52098 99999 99999 99999 99999 99999
181.52433 0.845145 0.620024 0.0585098 0.218595 0.00656721
181.52791 99999 99999 99999 99999 99999
181.53126 0.87743 0.68116 0.047681 0.177392 0.00766253
181.53484 99999 99999 99999 99999 99999
181.53854 0.838378 0.730928 0.0324059 0.239065 0.00577415
181.54176 99999 99999 99999 99999 99999
181.54547 0.891046 0.739698 0.0535801 0.206595 0.00906683
181.54869 99999 99999 99999 99999 99999
181.55239 0.920711 0.762501 0.0693938 0.215085 0.00756404
181.55561 99999 99999 99999 99999 99999
181.55931 0.877088 0.752093 0.0373471 0.249681 0.0070599
181.56252 99999 99999 99999 99999 99999
181.56623 0.913505 0.766101 0.0505078 0.24198 0.00812055
181.56980 99999 99999 99999 99999 99999
181.57315 0.940337 0.787808 0.0367581 0.304032 0.00969567
181.57673 99999 99999 99999 99999 99999
181.58008 0.969045 0.758014 0.0374074 0.317775 0.00349963
181.58366 99999 99999 99999 99999 99999
181.58702 0.960555 0.749578 0.0527206 0.26736 0.0069663
181.59059 99999 99999 99999 99999 99999
181.59395 0.903576 0.725027 0.0393775 0.190873 0.00783801
181.59753 99999 99999 99999 99999 99999
181.60088 0.851334 0.735664 0.0421045 0.243269 0.00598794
181.60446 99999 99999 99999 99999 99999
181.60781 0.87037 0.666748 0.0402983 0.197146 0.00920774
181.61139 99999 99999 99999 99999 99999
181.61474 0.847919 0.675607 0.0396722 0.221252 0.00619528
181.61832 99999 99999 99999 99999 99999
181.62167 0.930337 0.800407 0.0302778 0.285389 0.00249397
181.62525 99999 99999 99999 99999 99999
181.62861 0.979469 0.850596 0.0334437 0.256536 0.00465064
181.63218 99999 99999 99999 99999 99999
181.63554 0.965303 0.826341 0.0362833 0.266057 0.00232517
181.63912 99999 99999 99999 99999 99999
181.64247 0.90723 0.719777 0.0390806 0.194192 0.00728181
181.64605 99999 99999 99999 99999 99999
181.64941 0.89583 0.732904 0.0349216 0.250292 0.00437169
181.65299 99999 99999 99999 99999 99999
181.65634 1.00384 0.659188 0.0797376 0.236602 0.0274198
181.65992 99999 99999 99999 99999 99999
181.66328 1.06098 0.648501 0.0486137 0.248119 0.0245405
181.66686 99999 99999 99999 99999 99999
181.67021 0.85113 0.722321 0.0599304 0.190134 0.00515192
181.67379 99999 99999 99999 99999 99999
181.67715 0.899942 0.724118 0.0385441 0.238517 0.00670548
181.68073 99999 99999 99999 99999 99999
181.68408 0.882213 0.726229 0.0542562 0.247747 0.00482418
181.68766 99999 99999 99999 99999 99999
181.69101 0.833521 0.734079 0.0366401 0.2675 0.00570004
181.69459 99999 99999 99999 99999 99999
181.69794 0.810163 0.729121 0.0523188 0.217209 0.00726073
181.70152 99999 99999 99999 99999 99999
181.70487 0.887166 0.71055 0.0255579 0.21754 0.00997298
181.70845 99999 99999 99999 99999 99999
181.71215 0.987385 0.661533 0.0270804 0.232329 0.00374947
181.71537 99999 99999 99999 99999 99999
181.71906 1.07535 0.660032 0.0154468 0.198386 0.00279315
181.72228 99999 99999 99999 99999 99999
181.72598 0.926463 0.624272 0.0371975 0.196049 0.00256498
181.72920 99999 99999 99999 99999 99999
181.73289 0.966856 0.641105 0.045863 0.184737 0.00491892
181.73646 99999 99999 99999 99999 99999
181.73981 0.929182 0.608826 0.0309564 0.160767 0.00481676
181.74339 99999 99999 99999 99999 99999
181.74674 0.922676 0.668384 0.0298476 0.217883 0.00514044
181.75032 99999 99999 99999 99999 99999
181.75367 0.959353 0.654062 0.0387996 0.2013 0.00448461
181.75725 99999 99999 99999 99999 99999
181.76061 0.975341 0.724742 0.0420222 0.226114 0.00838898
181.76418 99999 99999 99999 99999 99999
181.76753 0.912029 0.665041 0.0527404 0.169884 0.0107006
181.77111 99999 99999 99999 99999 99999
181.77447 1.05434 0.725753 0.0477031 0.167881 0.0118525
181.77804 99999 99999 99999 99999 99999
181.78139 0.963917 0.717967 0.0460693 0.241293 0.00581222
181.78497 99999 99999 99999 99999 99999
181.78832 0.976587 0.704559 0.0372825 0.161469 0.00190503
181.79190 99999 99999 99999 99999 99999
181.79526 0.790154 0.487484 0.0289693 0.148979 0.00663899
181.79883 99999 99999 99999 99999 99999
181.80219 0.336131 0.124159 0.0118033 0.00135346 0.00362261
181.80577 99999 99999 99999 99999 99999
181.80912 0.43861 0.209636 0.0107203 0.0112111 0.00485984
181.81270 99999 99999 99999 99999 99999
181.81605 0.576212 0.270016 0.0252183 0.0600909 0.0037207
181.81963 99999 99999 99999 99999 99999
181.82298 0.321494 0.125307 0.0122829 0.0732593 0.00471499
181.82656 99999 99999 99999 99999 99999
181.82991 0.604224 0.354316 0.0166835 0.122986 0.00469838
181.83349 99999 99999 99999 99999 99999
181.83684 0.872938 0.567332 0.0187903 0.139537 0.00635276
181.84042 99999 99999 99999 99999 99999
181.84378 0.744551 0.463687 0.0228614 0.120881 0.00314178
181.84736 99999 99999 99999 99999 99999
181.85071 0.964461 0.592083 0.0420061 0.201199 0.00898581
181.85429 99999 99999 99999 99999 99999
181.85799 0.952921 0.64466 0.0209795 0.166409 0.0054886
181.86121 99999 99999 99999 99999 99999
181.86491 0.884555 0.5998 0.0209953 0.172255 0.0072825
181.86813 99999 99999 99999 99999 99999
181.87183 0.89319 0.588397 0.0305025 0.128023 0.00626716
181.87505 99999 99999 99999 99999 99999
181.87875 0.929436 0.648948 0.0207351 0.180939 0.00258717
181.88196 99999 99999 99999 99999 99999
181.88567 0.902106 0.606534 0.0226869 0.188482 0.00459924
181.88924 99999 99999 99999 99999 99999
181.89259 0.682331 0.384447 0.0274678 0.136659 0.00302411
181.89617 99999 99999 99999 99999 99999
181.89952 0.446393 0.186364 0.018836 0.116947 0.00266813
181.90310 99999 99999 99999 99999 99999
181.90645 0.557349 0.288019 0.0315263 0.142293 0.00371943
181.91003 99999 99999 99999 99999 99999
181.91339 0.308112 0.120462 0.0117871 0.0386138 0.00269
181.91697 99999 99999 99999 99999 99999
181.92032 0.559698 0.282257 0.0211568 0.104466 0.00219689
181.92390 99999 99999 99999 99999 99999
181.92724 0.287807 0.10652 0.0127221 0.0146173 0.00425994
181.93082 99999 99999 99999 99999 99999
181.93417 0.277364 0.0954594 0.0098958 0.00795565 0.00407078
181.93775 99999 99999 99999 99999 99999
181.94109 0.293416 0.100142 0.0107957 0.0762814 0.00367704
181.94467 99999 99999 99999 99999 99999
181.94802 0.352808 0.127601 0.0157811 0.038322 0.00141714
181.95160 99999 99999 99999 99999 99999
181.95495 0.356378 0.150137 0.0129551 0.0686084 0.0048
181.95853 99999 99999 99999 99999 99999
181.96187 0.358889 0.149737 0.00571934 0.0410651 0.00192165
181.96545 99999 99999 99999 99999 99999
181.96881 0.707946 0.498256 0.0167155 0.164912 0.00378223
181.97238 99999 99999 99999 99999 99999
181.97573 0.71683 0.394834 0.0205833 0.158351 0.00412409
181.97931 99999 99999 99999 99999 99999
181.98266 0.787453 0.498585 0.0438121 0.158951 0.00593587
181.98624 99999 99999 99999 99999 99999
181.98959 0.81816 0.528942 0.0238201 0.169884 0.00349843
181.99317 99999 99999 99999 99999 99999
181.99687 0.891058 0.61429 0.0152128 0.166619 0.0067619
182.00009 99999 99999 99999 99999 99999
182.00379 0.578497 0.368882 0.0203655 0.118458 0.00395205
182.00701 99999 99999 99999 99999 99999
182.01071 0.729747 0.502449 0.0234445 0.166792 0.00158426
182.01393 99999 99999 99999 99999 99999
182.01763 0.811064 0.356525 0.00595062 0.147885 0.00446071
182.02085 99999 99999 99999 99999 99999
182.02455 0.670607 0.379456 0.0113146 0.14614 0.00415871
182.02812 99999 99999 99999 99999 99999
182.03148 0.590344 0.244292 0.0219391 0.159152 0.00424298
182.03506 99999 99999 99999 99999 99999
182.03841 0.636463 0.322336 0.00969641 0.1053 0.00308479
182.04199 99999 99999 99999 99999 99999
182.04534 0.702724 0.414683 0.0113648 0.163436 0.00257485
182.04892 99999 99999 99999 99999 99999
182.05227 0.797798 0.373529 0.00431333 0.105974 0.0059385
182.05590 99999 99999 99999 99999 99999
182.05928 0.707016 0.505309 0.0258325 0.157339 0.00499417
182.06255 99999 99999 99999 99999 99999
182.06626 0.553745 0.534483 0.0132836 0.129418 0.00169383
182.06948 99999 99999 99999 99999 99999
182.07317 0.621558 0.416612 0.0260631 0.0838411 0.00539781
182.07674 99999 99999 99999 99999 99999
182.08009 0.643375 0.388126 0.0193877 0.117986 0.00654317
182.08367 99999 99999 99999 99999 99999
182.08702 0.682581 0.421049 0.0264979 0.121222 0.00567106
182.09060 99999 99999 99999 99999 99999
182.09395 0.691368 0.496813 0.0461402 0.169943 0.00809832
