cases/OP3/data/man-ams_bukit-atur_20080624_r3.na
24 1001
Niall Robinson
University of Manchester
bukit-atur
OP3
1 1
2008 06 24 2009 01 30
0
Day of year (UTC)
5
1 1 1 1 1
99999 99999 99999 99999 99999
Organic loading (ug m-3)
Sulphate loading (ug m-3)
Nitrate loading (ug m-3)
Ammonium loading (ug m-3)
Chloride loading (ug m-3)
2
Phase 3. V mode (lower m/z resolution)
Aerodynamic sizing analysis not currently working. Time stamp fixed to UTC from local in this revision. i.e. stamp one = 24/06/2008 10:10:17 local
3
Aerodyne Aerosol Mass Spectrometer (AMS)
Measures speciated mass loadings in micrograms per standard cubic metre.
DOY Org SO4 NO3 NH4 Chl
176.09049 2.64886 1.93149 0.0165283 0.937376 0.00339459
176.09376 99999 99999 99999 99999 99999
176.09749 2.46681 1.90492 0.0361943 0.855164 0.00511918
176.10072 99999 99999 99999 99999 99999
176.10442 2.46592 1.81665 0.0183146 0.711536 0.00581736
176.10765 99999 99999 99999 99999 99999
176.11135 2.23691 1.72566 0.0114507 0.749513 0.010945
176.11492 99999 99999 99999 99999 99999
176.11827 1.93081 1.57943 0.0600558 0.683726 0.00365041
176.12185 99999 99999 99999 99999 99999
176.12520 2.0384 1.57027 0.00658945 0.695587 0.0100493
176.12879 99999 99999 99999 99999 99999
176.13213 1.98908 1.4908 0.0103982 0.623763 0.00910853
176.13571 99999 99999 99999 99999 99999
176.13907 1.83638 1.55402 0.0552823 0.703194 0.00136733
176.14265 99999 99999 99999 99999 99999
176.14600 2.04204 1.53839 0.109842 0.668316 0.0159594
176.14958 99999 99999 99999 99999 99999
176.15294 1.80423 1.44418 0.0125195 0.528554 0.015575
176.15656 99999 99999 99999 99999 99999
176.15993 2.02295 1.50727 0.0154279 0.658442 0.012058
176.16356 99999 99999 99999 99999 99999
176.16691 2.11342 1.44008 0.0444204 0.615388 0.00851374
176.17049 99999 99999 99999 99999 99999
176.17384 2.01848 1.52785 0.0278222 0.698192 -0.00272745
176.17742 99999 99999 99999 99999 99999
176.18077 1.9287 1.4463 0.0938467 0.567534 0.0130878
176.18435 99999 99999 99999 99999 99999
176.18770 1.93884 1.45225 0.0287325 0.541696 0.00614616
176.19128 99999 99999 99999 99999 99999
176.19463 2.04295 1.41042 0.0640126 0.553725 0.0153307
176.19821 99999 99999 99999 99999 99999
176.20157 2.00705 1.35611 0.0390605 0.526659 0.0137189
176.20515 99999 99999 99999 99999 99999
176.20850 1.86772 1.39265 0.0384396 0.5227 0.00985219
176.21209 99999 99999 99999 99999 99999
176.21547 2.00007 1.40462 0.0106262 0.523748 0.00487309
176.21908 99999 99999 99999 99999 99999
176.22243 1.99135 1.43144 0.0532165 0.479402 0.00976419
176.22601 99999 99999 99999 99999 99999
176.22936 1.83561 1.42531 0.0474062 0.535854 0.00885562
176.23296 99999 99999 99999 99999 99999
176.23633 2.03602 1.4182 0.0466824 0.478821 0.00519328
176.23960 99999 99999 99999 99999 99999
176.24330 2.08659 1.37791 0.0414956 0.520125 0.00923602
176.24687 99999 99999 99999 99999 99999
176.25021 2.27513 1.40893 0.0568128 0.501086 0.00152885
176.25382 99999 99999 99999 99999 99999
176.25720 2.26986 1.29154 0.0432412 0.448121 0.00446651
176.26048 99999 99999 99999 99999 99999
176.26423 2.30305 1.31482 0.0392216 0.468384 0.0147064
176.26754 99999 99999 99999 99999 99999
176.27093 2.5635 1.33925 0.0609217 0.446725 0.0174083
176.27454 99999 99999 99999 99999 99999
176.27792 2.42565 1.29387 0.0259993 0.400843 0.00775515
176.28154 99999 99999 99999 99999 99999
176.28491 2.0906 1.18197 0.0219071 0.410059 0.00475753
176.28851 99999 99999 99999 99999 99999
176.29188 1.96395 1.10749 0.0503346 0.371698 0.0112245
176.29550 99999 99999 99999 99999 99999
176.29887 1.78582 1.11401 0.0650141 0.387448 0.00537319
176.30213 99999 99999 99999 99999 99999
176.30585 1.83044 1.11627 0.0828354 0.384731 0.00559046
176.30910 99999 99999 99999 99999 99999
176.31283 1.81636 1.16533 0.023073 0.388178 0.0153892
176.31607 99999 99999 99999 99999 99999
176.31979 1.83407 1.14071 0.0444325 0.398086 0.00948609
176.32306 99999 99999 99999 99999 99999
176.32643 1.77909 1.06218 0.0320648 0.383664 0.00337045
176.33003 99999 99999 99999 99999 99999
176.33344 1.77091 1.13699 0.0159968 0.445878 0.00899761
176.33710 99999 99999 99999 99999 99999
176.34047 1.8611 1.17207 0.0575997 0.43771 0.00634621
176.34409 99999 99999 99999 99999 99999
176.34747 1.96631 1.11819 0.0507155 0.356666 0.00939043
176.35075 99999 99999 99999 99999 99999
176.35447 1.99037 1.16604 0.0712228 0.424891 0.00232288
176.35769 99999 99999 99999 99999 99999
176.36139 1.9216 1.16152 0.0177805 0.348013 0.00828029
176.36461 99999 99999 99999 99999 99999
176.36831 1.96878 1.13615 0.0568547 0.423281 0.00907313
176.37188 99999 99999 99999 99999 99999
176.37523 1.8951 1.13055 0.0313829 0.470768 0.00342328
176.37881 99999 99999 99999 99999 99999
176.38216 1.95328 1.1031 0.0198619 0.379591 0.00301953
176.38574 99999 99999 99999 99999 99999
176.38909 2.01273 1.08798 0.0443212 0.398784 0.00535578
176.39267 99999 99999 99999 99999 99999
176.39602 2.19564 1.08715 0.0268185 0.413289 0.00662097
176.39960 99999 99999 99999 99999 99999
176.40295 2.47018 1.15563 0.0344949 0.343646 0.00770476
176.40653 99999 99999 99999 99999 99999
176.40988 2.21902 1.15012 0.0789322 0.459472 0.00657522
176.41346 99999 99999 99999 99999 99999
176.41681 2.01898 1.23645 0.108555 0.363479 0.0187186
176.42039 99999 99999 99999 99999 99999
176.42374 2.02844 1.21964 0.156781 0.457856 0.0137846
176.42733 99999 99999 99999 99999 99999
176.43068 1.98572 1.19859 0.15433 0.456839 0.00972271
176.43426 99999 99999 99999 99999 99999
176.43761 1.93757 1.18457 0.130282 0.412226 0.013566
176.44119 99999 99999 99999 99999 99999
176.44454 1.90907 1.12262 0.119335 0.443335 0.0171029
176.44812 99999 99999 99999 99999 99999
176.45147 1.80503 1.13305 0.0900649 0.476555 0.00962665
176.45505 99999 99999 99999 99999 99999
176.45839 1.83588 1.10563 0.0990968 0.450679 0.0157502
176.46198 99999 99999 99999 99999 99999
176.46533 1.83175 1.11296 0.0858297 0.462975 0.0119982
176.46891 99999 99999 99999 99999 99999
176.47225 1.72354 1.09966 0.0909723 0.426831 0.00339574
176.47583 99999 99999 99999 99999 99999
176.47918 1.85248 1.1 0.0618499 0.471103 0.00969781
176.48276 99999 99999 99999 99999 99999
176.48612 1.8024 1.08405 0.085687 0.452591 0.00903852
176.48970 99999 99999 99999 99999 99999
176.49340 1.89456 1.07752 0.0721412 0.406278 0.00643389
176.49662 99999 99999 99999 99999 99999
176.50032 1.8516 1.06521 0.0708976 0.462281 0.0102324
176.50354 99999 99999 99999 99999 99999
176.50724 1.87554 1.06177 0.102511 0.406924 0.0078851
176.51046 99999 99999 99999 99999 99999
176.51416 1.92364 1.03235 0.0767945 0.412454 0.00497952
176.51738 99999 99999 99999 99999 99999
176.52108 1.98145 1.05955 0.113724 0.402645 0.0138757
176.52465 99999 99999 99999 99999 99999
176.52800 2.21092 1.10677 0.0976839 0.51456 0.0150302
176.53158 99999 99999 99999 99999 99999
176.53493 2.16393 1.1079 0.0841823 0.44448 0.000121823
176.53851 99999 99999 99999 99999 99999
176.54186 2.24043 1.15107 0.0974913 0.455578 0.0076272
176.54544 99999 99999 99999 99999 99999
176.54880 2.22384 1.13404 0.0923915 0.486207 0.00881865
176.55238 99999 99999 99999 99999 99999
176.55573 2.16715 1.12114 0.0960336 0.464079 0.00813978
176.55931 99999 99999 99999 99999 99999
176.56266 2.32763 1.14194 0.132383 0.418409 0.0194405
176.56624 99999 99999 99999 99999 99999
176.56959 2.23125 1.1622 0.0878604 0.43944 0.00617189
176.57317 99999 99999 99999 99999 99999
176.57652 2.25642 1.1671 0.144316 0.509249 0.0191384
176.58010 99999 99999 99999 99999 99999
176.58345 2.25376 1.15288 0.133197 0.457689 0.0210458
176.58703 99999 99999 99999 99999 99999
176.59038 2.22607 1.07792 0.0702407 0.465888 0.0114521
176.59396 99999 99999 99999 99999 99999
176.59732 1.60333 0.870133 0.0386268 0.416499 0.0115437
176.60089 99999 99999 99999 99999 99999
176.60425 2.10315 1.00227 0.0434574 0.391431 0.00534965
176.60783 99999 99999 99999 99999 99999
176.61118 1.95081 0.98304 0.0492583 0.370996 0.00952826
176.61476 99999 99999 99999 99999 99999
176.61811 2.13563 1.11729 0.101311 0.378183 0.00831906
176.62169 99999 99999 99999 99999 99999
176.62504 2.27532 1.14737 0.113707 0.415675 0.0158979
176.62862 99999 99999 99999 99999 99999
176.63197 2.15961 1.11706 0.10348 0.440543 0.0119903
176.63555 99999 99999 99999 99999 99999
176.63891 2.16573 1.15043 0.219475 0.440657 0.0186166
176.64249 99999 99999 99999 99999 99999
176.64619 2.29997 1.31175 0.289245 0.556937 0.0287158
176.64941 99999 99999 99999 99999 99999
176.65311 2.22847 1.35877 0.337224 0.585567 0.0314434
176.65633 99999 99999 99999 99999 99999
176.66003 2.2258 1.3286 0.329179 0.533083 0.0305974
176.66325 99999 99999 99999 99999 99999
176.66695 2.18426 1.33335 0.298475 0.489872 0.0292946
176.67018 99999 99999 99999 99999 99999
176.67387 1.95044 1.28378 0.264388 0.521378 0.0268249
176.67744 99999 99999 99999 99999 99999
176.68079 2.17245 1.26887 0.275186 0.511275 0.0270612
176.68437 99999 99999 99999 99999 99999
176.68772 2.40753 1.26957 0.195603 0.56062 0.0326155
176.69130 99999 99999 99999 99999 99999
176.69465 2.06305 1.16486 0.143259 0.443054 0.0159449
176.69823 99999 99999 99999 99999 99999
176.70158 2.11665 1.12725 0.124518 0.393591 0.0169177
176.70516 99999 99999 99999 99999 99999
176.70851 2.1263 1.17603 0.125485 0.445312 0.0128795
176.71209 99999 99999 99999 99999 99999
176.71544 2.21223 1.14587 0.0987279 0.513418 0.0135859
176.71902 99999 99999 99999 99999 99999
176.72238 1.8757 1.03139 0.0578996 0.367458 0.0111415
176.72596 99999 99999 99999 99999 99999
176.72931 2.07816 1.16392 0.141566 0.45887 0.0172082
176.73289 99999 99999 99999 99999 99999
176.73624 2.01125 1.08969 0.0687372 0.456898 0.0109301
176.73982 99999 99999 99999 99999 99999
176.74318 2.43679 1.0527 0.135176 0.420704 0.0429242
176.74676 99999 99999 99999 99999 99999
176.75011 2.40521 0.954923 0.173674 0.452255 0.0651517
176.75369 99999 99999 99999 99999 99999
176.75704 2.06872 1.06894 0.0566053 0.409299 0.0204837
176.76062 99999 99999 99999 99999 99999
176.76398 1.8008 1.06599 0.0944293 0.350554 0.00811614
176.76755 99999 99999 99999 99999 99999
176.77091 1.57397 0.97294 0.0504313 0.348406 0.00241841
176.77449 99999 99999 99999 99999 99999
176.77784 1.70236 0.987177 0.0629198 0.34072 0.00562078
176.78142 99999 99999 99999 99999 99999
176.78477 1.79897 0.955827 0.0731549 0.288776 0.00622455
176.78835 99999 99999 99999 99999 99999
176.79170 1.66709 0.934568 0.0411862 0.318858 0.00982189
176.79528 99999 99999 99999 99999 99999
176.79863 1.60952 0.92092 0.041509 0.286723 0.00444482
176.80221 99999 99999 99999 99999 99999
176.80591 1.74676 0.954903 0.0476047 0.363323 0.00654013
176.80913 99999 99999 99999 99999 99999
176.81282 1.4934 0.911032 0.0308342 0.387128 0.00816579
176.81604 99999 99999 99999 99999 99999
176.81974 1.43638 0.888595 0.069906 0.3277 0.0060756
176.82296 99999 99999 99999 99999 99999
176.82666 1.53438 0.928979 0.047535 0.325463 0.00767478
176.82988 99999 99999 99999 99999 99999
176.83357 1.31531 0.87548 0.0164143 0.298509 0.00666562
176.83714 99999 99999 99999 99999 99999
176.84049 1.20377 0.881145 0.0433856 0.376247 0.00668427
176.84407 99999 99999 99999 99999 99999
176.84742 1.18729 0.88773 0.0535401 0.328299 0.00699367
176.85100 99999 99999 99999 99999 99999
176.85435 1.06044 0.921217 0.0524807 0.32582 0.0131563
176.85793 99999 99999 99999 99999 99999
176.86128 1.07779 0.926232 0.0407238 0.307846 0.00299482
176.86486 99999 99999 99999 99999 99999
176.86821 1.13055 0.880745 0.0387206 0.292571 0.0129412
176.87179 99999 99999 99999 99999 99999
176.87514 1.10479 0.886169 0.0389042 0.360312 0.0124543
176.87872 99999 99999 99999 99999 99999
176.88207 1.24491 0.919499 0.0722229 0.299094 0.012763
176.88565 99999 99999 99999 99999 99999
176.88900 1.14072 0.875191 0.0549317 0.331073 0.00328948
176.89258 99999 99999 99999 99999 99999
176.89594 0.994339 0.961532 0.040629 0.314758 0.0155987
176.89952 99999 99999 99999 99999 99999
176.90287 1.05162 1.03285 0.0312424 0.340536 0.00974393
176.90645 99999 99999 99999 99999 99999
176.90981 1.07819 1.06763 0.0567278 0.394923 0.00616091
176.91338 99999 99999 99999 99999 99999
176.91674 1.08447 1.06696 0.0195236 0.336582 0.010994
176.92032 99999 99999 99999 99999 99999
176.92367 0.978734 1.03059 0.0242343 0.415742 0.00423412
176.92725 99999 99999 99999 99999 99999
176.93060 1.03216 1.11393 0.0544023 0.351035 0.00725889
176.93418 99999 99999 99999 99999 99999
176.93753 1.02663 1.12168 0.0288882 0.385007 0.00781021
176.94111 99999 99999 99999 99999 99999
176.94446 1.01073 1.06723 0.0461271 0.312615 0.0103516
176.94804 99999 99999 99999 99999 99999
176.95174 1.05046 1.06395 0.0301208 0.361718 0.0130605
176.95496 99999 99999 99999 99999 99999
176.95866 1.0354 1.15678 0.0308478 0.343502 0.0081726
176.96188 99999 99999 99999 99999 99999
176.96558 1.11256 1.07967 0.0557034 0.336887 0.0128213
176.96880 99999 99999 99999 99999 99999
176.97250 1.11394 1.24435 0.0394133 0.390536 0.0160899
176.97572 99999 99999 99999 99999 99999
176.97942 1.14926 1.17753 0.0429918 0.331823 0.0108481
176.98265 99999 99999 99999 99999 99999
176.98635 1.15749 1.25495 0.0404596 0.427249 0.0168126
176.98992 99999 99999 99999 99999 99999
176.99327 1.22325 1.21001 0.0632745 0.352529 0.0160467
176.99685 99999 99999 99999 99999 99999
177.00021 1.14247 1.25122 0.058209 0.411205 0.024442
177.00379 99999 99999 99999 99999 99999
177.00714 1.216 1.14657 0.0704495 0.387345 0.0176604
177.01072 99999 99999 99999 99999 99999
177.01407 1.16896 1.20111 0.0521429 0.415013 0.0124521
177.01765 99999 99999 99999 99999 99999
177.02101 1.28343 1.09015 0.0324822 0.338457 0.0124352
177.02465 99999 99999 99999 99999 99999
177.08684 99999 99999 99999 99999 99999
177.09047 99999 99999 99999 99999 99999
177.09383 1.66162 1.53205 0.0500971 0.502619 0.0169703
177.09746 99999 99999 99999 99999 99999
177.10083 1.6709 1.45247 0.0386356 0.533787 0.0169302
177.10445 99999 99999 99999 99999 99999
177.10779 1.87001 1.48762 0.0429628 0.51487 0.0168057
177.11137 99999 99999 99999 99999 99999
177.11472 1.61585 1.49841 0.0546038 0.411054 0.0304397
177.11830 99999 99999 99999 99999 99999
177.12164 1.86355 1.47841 0.0725372 0.475131 0.00597388
177.12522 99999 99999 99999 99999 99999
177.12856 1.85177 1.48374 0.0397001 0.494187 0.00670906
177.13214 99999 99999 99999 99999 99999
177.13548 1.89602 1.48438 0.0416595 0.431825 0.0113742
177.13906 99999 99999 99999 99999 99999
177.14241 1.96761 1.53414 0.0171497 0.49549 0.0136351
177.14599 99999 99999 99999 99999 99999
177.14933 1.75135 1.54019 0.0462877 0.558216 0.0139899
177.15291 99999 99999 99999 99999 99999
177.15660 1.84333 1.56708 0.044055 0.536285 0.00907685
177.15983 99999 99999 99999 99999 99999
177.16353 1.83009 1.43352 0.0143478 0.44673 0.0126476
177.16680 99999 99999 99999 99999 99999
177.17017 1.93349 1.582 0.0560133 0.581162 0.00917172
177.17377 99999 99999 99999 99999 99999
177.17712 1.87037 1.53258 0.0429577 0.521232 0.00209566
177.18069 99999 99999 99999 99999 99999
177.18404 1.94286 1.60161 0.0729008 0.561125 0.0174027
177.18762 99999 99999 99999 99999 99999
177.19131 2.00272 1.41733 0.0649798 0.506541 0.0111217
177.19453 99999 99999 99999 99999 99999
177.19823 1.36642 0.725214 0.0326327 0.275261 0.00558965
177.20145 99999 99999 99999 99999 99999
177.20514 1.78639 0.998277 0.0445795 0.302368 0.00741037
177.20836 99999 99999 99999 99999 99999
177.21206 1.72214 1.21515 0.0391386 0.42112 0.00914293
177.21563 99999 99999 99999 99999 99999
177.21897 1.79611 1.18943 0.0402433 0.388431 0.00311294
177.22255 99999 99999 99999 99999 99999
177.22590 99999 1.2449 99999 99999 0.00996324
177.31273 99999 99999 99999 99999 99999
177.31630 99999 99999 99999 99999 99999
177.31965 1.91069 1.35444 0.0525947 0.431454 0.00903366
177.32326 99999 99999 99999 99999 99999
177.32662 1.88313 1.28726 0.0776035 0.469901 0.00924688
177.32988 99999 99999 99999 99999 99999
177.33358 2.02068 1.23742 0.119961 0.35899 0.0185033
177.33715 99999 99999 99999 99999 99999
177.34049 1.92837 1.24352 0.166482 0.48629 0.0279172
177.34407 99999 99999 99999 99999 99999
177.34742 1.825 1.25323 0.199001 0.43399 0.02326
177.35100 99999 99999 99999 99999 99999
177.35435 1.8204 1.21015 0.178226 0.479319 0.027061
177.35793 99999 99999 99999 99999 99999
177.36127 1.80057 1.23476 0.157819 0.436232 0.022552
177.36485 99999 99999 99999 99999 99999
177.36820 1.80474 1.20147 0.114085 0.413639 0.0167281
177.37178 99999 99999 99999 99999 99999
177.37513 1.77733 1.15048 0.0876616 0.374631 0.0161663
177.37871 99999 99999 99999 99999 99999
177.38206 1.8063 1.13973 0.079723 0.407198 0.0167704
177.38564 99999 99999 99999 99999 99999
177.38898 1.75966 1.13344 0.0868274 0.291648 0.0166509
177.39256 99999 99999 99999 99999 99999
177.39591 1.78099 1.12739 0.0882554 0.393786 0.011593
177.39949 99999 99999 99999 99999 99999
