cases/OP3/data/man-sonic-2_bukit-atur_20080621_micromet.na
41 1001
Whitehead, James
Centre for Atmospheric Science, The University of Manchester, Manchester, M13 9PL
Micrometeorological parameters and fluxes, measured at 45 m on GAW tower, Bukit Atur
OP3 campaign 3
1 1
2008 06 21 2009 01 30
0
time (days since 2008-01-01 00:00:00 + 00:00)
15
1 1 1 1 1 1 1 1 1 1 1 1 1 1 1
9999 9999 9999 9999 9999 9999 9999 9999 9999 999999 9999 9999 9999 99999 99999
Wind speed (m/s)
Wind direction (degrees)
Standard deviation of horizontal wind component, u (m/s)
Standard deviation of horizontal wind component, v (m/s)
Standard deviation of vertical wind component, w (m/s)
Standard deviation of temperature (degrees C)
Temperature (degrees C)
Relative humidity (%)
Friction velocity (m/s)
Monin-Obukhov length (m)
Momentum flux or shear stress (kg/m/s^2)
Sensible heat flux (W/m^2)
Latent heat flux (W/m^2)
Particle number count (CPC3010 Dp > 10 nm) (#/cc)
Particle flux (CPC3010 Dp > 10 nm) (#/cm^2/s)
9
Wind and turbulence data, and sensible heat fluxes, measured using an RM Young ultrasonic anemometer
Temperature and RH recorded with a Vaisala probe
Latent heat fluxes measured with a Krypton Hygrometer in conjunction with the RM Young
Particle concentrations and fluxes measured with CPC3010 in conjunction with the RM Young
Flux measurements may be subject to further revision. Please contact James Whitehead before use.
Data are 30 minute averages with the time stamp at the end of the averaging period
Higher time-resolution raw data also available on request
Time is UTC
THIS-FILE-ENDS = 2008 07 24
3
email: James.Whitehead@manchester.ac.uk

Local_Day-of-year Wind_speed_(m/s) Wind_dir sigma_u_(m/s) sigma_v_(m/s) sigma_w_(m/s) sigma_T_(deg C) T_(deg C) RH_(%) u*_(m/s) L_(m) tau_(kg/m/s^2) H_(W/m^2) lE_(W/m^2) CPC3010_conc_(#/cc) CPC3010_flux_(#/cm^2/s)
[from data line 1453]
204.041667 1.03803  197.253  0.667929  0.63828  0.555685  0.679323  25.122  61.989  0.414261  -18.5888  0.213829     355.981   518.456   666.91   564.598
204.0625   0.719369 224.083  0.785999  0.686892 0.555706  1.22425   24.657  64.55   0.435423  -22.1411  0.236233     348.558   718.134   705.992  541.076
204.083333 1.49098  219.118  1.13947   0.827213 0.552973  0.660731  24.6    64.452  0.399831  -24.5756  0.199192     243.013   632.378   611.803  384.021
204.104167 2.63204  218.637  1.55248   0.760648 0.595386  0.605444  24.019  63.684  0.496995  -50.3881  0.307768     228.246   824.782   552.99   440.157
204.125    2.55293  212.043  1.40238   0.824461 0.572738  0.452384  23.696  63.293  0.243411  -8.88096  0.0738241    152.064   364.398   527.629  374.166
204.145833 3.14443  226.275  1.43748   0.694184 0.524509  0.448665  23.223  66.482  0.376197  -32.7865  0.176339     152.024   300.454   405.429  64.2913
204.166667 1.67369  217.992  1.06999   0.730629 0.555636  0.763699  24.735  63.136  0.358871  -15.0663  0.16047      288.123   798.073   730.962  1614.56
204.1875   1.65495  205.537  1.23007   0.962324 0.667473  0.784819  26.384  58.526  0.554821  -43.5764  0.383552     368.518   1225.57   1353.25  -2134.96
204.208333 2.62166  217.876  1.23793   0.800039 0.652294  0.564285  25.485  60.426  0.32972   -12.5286  0.135459     269.122   872.267   1722.72  509.852
204.229167 2.89418  221.567  1.31557   0.728829 0.588135  0.612094  25.636  59.796  0.404149  -22.7979  0.203517     272.594   763.154   1863.63  -310.022
204.25     2.01502  210.606  1.18542   0.801729 0.567467  0.636105  26.609  57.558  0.405867  -23.0919  0.205251     272.463   851.789   1925.47  173.862
204.270833 1.9037   213.308  1.12004   0.955085 0.551043  0.676526  26.634  58.837  0.431794  -35.3375  0.232312     214.603   814.562   1737.12  368.786
204.291667 1.69756  189.467  0.777315  0.949066 0.611638  0.616423  26.859  57.757  0.378085  -18.8303  0.178114     269.831   703.947   1633.8   437.909
204.3125   1.93337  202.145  1.02149   0.850233 0.518     0.445398  25.537  61.437  0.128796  -1.35997  0.0206692    147.504   427.195   1675.3   -3.92768
204.333333 1.61006  196.707  0.951909  0.657692 0.465957  0.281507  24.632  63.203  0.22622   -14.0342  0.0637646    77.3834   158.938   1726.51  -139.516
204.354167 1.57135  185.98   0.573819  0.530539 0.379878  0.245297  24.625  63.333  0.24894   -33.8571  0.0772162    42.7349   53.8664   1916.74  -115.731
204.375    2.16147  171.127  0.762752  0.55261  0.376561  0.233189  24.258  64.521  0.195775  -13.3161  0.0477565    52.8527   27.5319   1755.6   -349.194
204.395833 2.03052  172.18   0.643919  0.60904  0.445022  0.284618  24.62   62.149  0.277431  -40.5447  0.0959019    49.3873   72.9407   1446.23  -10.8811
204.416667 1.64585  178.593  0.596841  0.547448 0.370367  0.181663  24.713  61.645  0.250111  -44.8773  0.0779442    32.6903   35.8383   1562.3   -226.791
204.4375   1.77973  181.728  0.427583  0.432057 0.289592  0.202438  23.436  67.137  0.180438  -28.545   0.0405671    19.288    -13.767   1589.45  -170.678
204.458333 2.19095  159.597  0.517585  0.626617 0.309307  0.282462  23.006  70.55   0.105566  89.6313   0.0138857    -1.22872  301.195   1913     2693.94
204.479167 2.96911  152.208  0.437492  0.525474 0.305065  0.294973  22.264  81.934  0.178465  -10.1107  0.0396848    52.5309   16.233    3481.56  91.6805
204.5      2.2913   185.428  0.497674  0.681218 0.317155  0.232517  21.974  79.929  9999      999999    -0.00754063  44.8432   9999      2522.52  -2945.8
204.520833 3.85137  217.58   0.919291  0.63381  0.400905  0.380307  21.981  75.687  0.087831  -0.87573  0.0096121    72.3009   48.1735   2377.03  830.194
204.541667 1.65693  211.086  0.965175  0.660731 0.241856  0.188755  21.914  76.842  9999      999999    -0.0184762   19.3246   2.99141   2862.2   -115.765
204.5625   1.83328  174.936  0.528951  0.537539 0.336902  0.250035  21.844  77.277  0.209344  -44.9481  0.0546057    19.0412   23.382    4025.2   -415.047
204.583333 2.10976  200.53   0.91293   0.672797 0.383112  0.233751  21.623  77.464  9999      999999    -0.0956301   40.707    5.57235   5067.72  -20742.7
204.604167 2.96707  212.428  1.66019   0.774581 0.562534  0.462263  21.243  76.346  0.321565  -69.9372  0.128842     44.2874   255.42    2319.7   2100
204.625    2.0346   231.783  1.03874   0.970111 0.361226  0.349308  20.918  74.401  0.121082  -6.35011  0.0182675    25.9953   12.565    1474.26  -133.841
204.645833 4.09475  244.637  1.79547   1.17131  0.457599  0.389898  20.266  77.157  0.115924  -2.06107  0.0167441    70.1918   40.0844   1329.95  -406.797
204.666667 4.93874  237.208  1.23863   0.61599  0.443271  0.449731  20.051  76.769  9999      999999    -0.0195762   114.423   1.83844   926.574  -62.9592
204.6875   3.09635  284.879  0.736434  1.28971  0.28635   0.234618  19.653  81.889  9999      999999    -0.0161863   20.1456   65.9618   1184.67  802.251
204.708333 3.36564  301.113  0.793317  0.440951 0.284243  0.199925  19.63   87.477  9999      999999    -0.0359193   -1.82411  128.283   1973.19  -620.836
204.729167 0.860232 329.503  1.33428   0.714733 0.197619  0.263236  19.457  88.945  0.413476  275.215   0.213019     -23.7772  9999      1566.78  1849.15
204.75     0.413987 249.775  0.636196  0.268573 0.116252  0.16874   19.518  88.435  9999      999999    -0.028564    10.47     9999      1370.72  -321.501
204.770833 0.846453 219.453  0.542453  0.479652 0.139329  0.262197  19.485  88.031  9999      999999    -0.0356897   19.9611   -38.3015  1400.7   -169.007
204.791667 0.795634 217.885  0.224396  0.439825 0.131397  0.208871  19.588  85.017  9999      999999    -0.0186293   18.8953   -34.1052  1500.14  32.0173
204.8125   1.22658  245.024  0.363758  0.375035 0.117164  0.276936  19.256  87.113  9999      999999    -0.0235859   18.4189   9999      1454.99  103.445
204.833333 1.92262  250.801  0.455242  0.21601  0.166948  0.256613  19.06   85.777  9999      999999    -0.0360829   25.1095   9999      1261.78  -213.521
204.854167 1.20469  228.44   0.937082  0.79365  0.182979  0.307077  19.471  82.173  9999      999999    -0.00673271  16.8577   18.3867   1282.81  87.0153
204.875    1.51316  121.535  0.485706  0.347148 0.131329  0.159479  19.409  84.681  0.12531   -16.1942  0.0195653    11.2363   78.9675   1486.66  132.942
204.895833 2.13509  137.438  0.415794  0.523104 0.231085  0.277645  19.349  85.454  0.165757  -8.26053  0.0342342    51.0344   60.6976   1565.56  261.363
204.916667 2.47569  133.968  0.445438  0.402663 0.245283  0.247847  19.468  80.212  0.26249   -24.8914  0.0858509    67.2834   -18.762   1058.31  -291.346
204.9375   1.83659  184.38   0.277643  0.698274 0.268548  0.344801  19.893  75.48   9999      999999    -0.00897473  65.682    -1.3192   804.81   9.98465
204.958333 1.96833  237.072  0.579678  0.598669 0.232202  0.281481  20.041  74.45   9999      999999    -0.0793374   51.3315   -24.0982  904.186  143.294
204.979167 2.58725  237.738  0.317847  0.213381 0.160795  0.425478  20.239  72.087  9999      999999    -0.0591893   36.3206   -1.05608  99999    99999
205        3.7565   227.098  0.558656  0.409834 0.264172  0.342328  20.345  71.487  9999      999999    -0.141081    99.0191   -0.14953  658.624  0.476941
205.020833 3.09465  231.597  0.659078  0.385947 0.240055  0.4327    20.452  71.812  9999      999999    -0.0549737   59.4517   -7.52514  657.424  -30.5588
205.041667 2.9344   224.376  0.583103  0.460726 0.283632  0.332668  20.665  71.734  9999      999999    -0.0755293   35.0322   -43.7471  595.812  -17.7138
205.0625   2.40438  216.864  0.839499  0.47001  0.319365  0.369892  21.477  69.559  9999      999999    -0.00580341  33.7943   -8.73237  580.974  27.9842
205.083333 1.02882  225.159  0.758247  0.499321 0.335623  0.513395  23.591  63.763  0.103779  -0.900365 0.0134195    115.74    166.895   571.421  36.1747
205.104167 0.546932 240.941  0.578983  0.426902 0.294268  0.593481  24.102  63.323  0.150422  -2.69216  0.0281929    118.05    307.4     715.64   2950.6
205.125    0.681244 268.52   0.831111  0.420821 0.492128  1.07387   25.33   59.816  0.429423  -25.523   0.229768     290.907   870.186   851.362  8488.36
205.145833 0.784611 174.358  0.51914   0.867383 0.486911  0.778797  27.358  53.114  0.07365   -0.130212 0.0067587    287.638   415.416   669.699  130.35
205.166667 1.19447  171.097  0.479518  0.75945  0.500569  0.606922  27.644  50.403  0.210625  -2.90957  0.0552762    301.094   405.176   464.75   -134.371
205.1875   1.15658  173.177  0.681834  0.84002  0.574593  0.724353  28.558  46.813  0.412404  -15.93    0.211916     413.186   206.093   474.319  -1327.55
205.208333 1.16385  195.232  0.441577  0.499892 0.26677   0.284106  25.522  57.738  0.126117  -3.06988  0.0198182    61.1627   46.1114   499.459  22.7771
205.229167 0.767371 154.475  0.450056  0.478891 0.34782   0.513133  26.567  56.212  0.30093   -17.4529  0.112836     146.355   117.592   522.991  50.3478
205.25     1.19718  51.4474  0.835258  0.497444 0.402339  0.479572  25.227  61.827  0.424718  -44.3558  0.22476      161.611   9999      707.416  36.263
205.270833 3.1187   40.6897  0.550576  0.478068 0.390561  0.262508  21.944  76.571  0.143909  -18.9298  0.0258044    14.6741   170.863   679.125  292.799
205.291667 3.78346  30.0338  0.620146  0.513103 0.286976  0.196706  21.389  76.807  0.097463  20.6807   0.0118359    -4.16975  -58.3339  613.934  225.103
205.3125   3.53307  356.382  0.394028  0.826143 0.198276  0.920968  21.037  80.754  9999      999999    -0.0172804   29.7493   917.122   741.69   158.969
205.333333 2.69844  330.855  0.983927  0.481781 0.209793  1.14414   21.086  82.322  0.182758  8.27973   0.0416171    -68.8722  318.382   1009.79  -203.25
205.354167 0.516237 337.634  0.482935  0.684831 0.270717  0.23909   21.296  86.391  0.232308  -68.9289  0.0672428    16.9248   348.027   1264.26  -1384.79
205.375    0.544745 303.837  0.572227  0.329225 0.1894    0.181164  21.036  87.017  0.10144   -14.4945  0.0128215    6.69639   229.48    747.641  -19.3079
205.395833 1.41745  134.882  1.18667   0.396046 0.263545  0.272807  21.595  84.703  0.289441  -39.1537  0.104385     57.5806   99.8577   668.999  -114.958
205.416667 2.73322  127.408  0.537793  0.521349 0.305415  0.262766  21.024  83.362  0.245062  -16.0207  0.0748292    85.4579   84.8597   567.05   51.3225
205.4375   3.48508  133.046  0.482153  0.446395 0.39245   0.35138   20.87   83.97   0.3698    -31.7918  0.170393     148.05    -2.93957  934.921  -468.545
205.458333 3.46984  142.477  0.440141  0.614615 0.429197  0.380782  20.917  84.082  0.370875  -24.4006  0.171385     194.734   -5.71642  3205.17  -307.15
205.479167 3.63987  140.014  0.477935  0.687452 0.474685  0.427223  20.881  85.023  0.424733  -32.26    0.224776     221.189   47.4986   3510.63  1162.65
205.5      3.64491  155.464  0.477787  0.801352 0.495731  0.442775  20.77   86.925  0.342579  -15.6703  0.146231     239.01    19.6219   6892.92  -1790.84
205.520833 3.70926  152.047  0.588544  0.877805 0.521732  0.464248  20.777  86.061  0.378366  -20.7747  0.178378     242.9     20.0384   7243.45  -443.724
205.541667 3.43854  139.859  0.800318  0.801826 0.540211  0.441476  20.605  86.974  0.493306  -46.5302  0.303215     239.917   97.8142   5467.36  -457.397
205.5625   3.0407   157.401  0.640978  0.922477 0.599999  0.516395  20.236  88.304  0.521571  -41.2955  0.338957     319.575   9999      3771.25  -7570.46
205.583333 1.99387  138.91   0.407763  0.714824 0.489827  1.11058   20.128  88.599  0.365695  11.6858   0.166631     9999      9999      2990.56  4747.22
205.604167 2.26613  156.293  0.216003  0.387544 0.164875  0.19239   20.064  88.747  9999      999999    -0.0015443   -6.87162  9999      2859.4   -888.495
205.625    1.67912  172.884  0.45256   0.500938 0.183659  0.275909  20.15   88.069  0.105916  25.7524   0.0139778    -4.34563  859.23    3452.67  1744.12
205.645833 1.58031  191.73   0.594541  0.512611 0.578728  0.67951   20.247  85.863  0.486096  29.5558   0.294416     9999      9999      2648.96  -5228.15
205.666667 2.6748   261.626  0.90285   0.908739 0.638384  0.743728  20.334  84.262  0.568385  -37.6032  0.402535     456.41    9999      2522.75  -7170.28
205.6875   3.85294  266.935  0.804526  0.729204 0.557166  0.525397  19.704  88.337  0.527709  -59.6486  0.346982     229.715   -82.3247  2106.95  2251.61
205.708333 3.54799  251.318  1.18016   0.535911 0.761942  0.482833  19.966  86.25   0.857089  -210.094  0.915314     280.261   9999      2048.74  3631.94
205.729167 2.72199  241.505  0.723324  0.445185 0.717304  0.751697  20.345  83.694  0.67559   -86.9154  0.568702     331.447   98.7455   2327.51  549.382
205.75     2.36784  225.295  0.959369  0.708397 0.34891   0.46634   20.353  83.815  9999      999999    -0.183826    117.347   92.8242   3389.27  -249.719
205.770833 3.11904  210.833  1.14938   0.684219 0.448068  0.521569  20.453  82.774  9999      999999    -0.183976    174.408   -21.6756  1863.48  -6892.99
205.791667 3.29112  227.481  1.77387   0.985607 0.487417  0.721267  20.144  83.47   9999      999999    -0.17429     122.784   9999      1114.49  572.978
205.8125   2.60508  209.991  1.42747   0.893181 0.507958  0.523184  20.277  77.905  9999      999999    -0.17079     151.183   144.216   1149.19  460.227
205.833333 3.77486  223.876  1.20582   0.866285 0.491418  0.497306  20.019  76.498  9999      999999    -0.0949613   124.316   69.2388   909.687  92.2258
205.854167 3.50969  229.821  1.00232   0.619089 0.423652  0.389927  19.698  76.758  0.175643  -6.7548   0.0384398    74.3566   76.8653   751.494  -57.6504
205.875    2.49894  219.458  0.80102   0.563059 0.377451  0.279144  19.478  77.809  0.224247  -58.1079  0.062657     17.9638   63.8272   705.507  -61.3251
205.916667 41.4004  215.327  9999      3.0501   1.73757   9999      19.851  74.442  9999      999999    9999         1032.52   14.6839   99999    -700.315
205.9375   2.16602  168.524  0.540919  0.957323 0.372103  0.413949  19.855  74.787  0.198309  -10.9517  0.0490006    65.9401   34.9692   647.644  97.2316
205.958333 1.71985  194.95   0.650177  1.05625  0.297447  0.422627  19.894  74.838  9999      999999    -0.0851995   83.2311   -22.7429  622.697  -180.661
205.979167 1.70327  219.651  1.08558   0.737936 0.301871  0.361558  20.066  74.09   9999      999999    -0.0686608   68.6411   -16.8777  584.572  -22.7275
206        2.84552  201.263  1.15532   0.808698 0.605924  0.438098  19.979  73.478  0.283535  -20.4309  0.100169     103.24    130.593   578.739  1.33222
206.020833 3.54916  218.577  1.63812   0.939937 0.587457  0.389744  19.81   73.44   9999      999999    -0.248102    108.604   135.609   503.996  -225.722
206.041667 2.7864   229.046  1.75504   0.781137 0.456485  0.331542  20.041  75.152  0.179018  -12.8615  0.0399312    41.2979   125.159   581.641  96.3126
206.0625   2.54298  225.102  1.11012   0.496207 0.425564  0.275504  9999    9999    0.419005  -697.612  0.218755     9.77082   306.963   290.277  99999
