cases/OP3/data/york-noxy_bukit-atur_20080624.na
41 1001
Lee James
Department of Chemistry, University of York, York, YO10 5DD
NOxy data from Bukit Atur
OP3 campaign 3
1  1
2008 06 24 2008 12 19
0
time UTC (days since 2008-01-01 00:00:00 + 00:00)
6
1 1 1 1 1 1
9999 9999 9999 9999 9999 9999
NO mixing ratio (pptv)
Error Flag (NO)
NO2 mixing ratio (pptv)
Error Flag (NO2)
NOy mixing ratio (pptv)
Error Flag (NOy)
17
NO and NO2 sampled from 5 m on the FAGE container
NOy inlet mounted at 5 metres on the Leicester container
Data is taken with 1 minute averaging then averaged to 10 minutes
1 minute data is available on request
Time stamp is the start point of the 10 minute period
NO is measured directly by chemiluminesence
NO2 is meausured by conversion to NO by UV photolysis
the sum of all NOy is measured by conversion to NO by a heated Au catalyst in the presence of CO
Detection limits:
The 2 sigma detection limits for the 10 minute averaged data are:
0.004 pptv for NO
0.01 pptv for NO2
0.015 pptv for NOy
Error Flag = 0 Good data
Error Flag = 1 Reduced quality data
Error Flag = 2 Below detection limit
Error Flag = 3 Invalid or missing data
4
THIS FILE ENDS = 2008 07 23
EMAIL CONTACT = jdl3@york.ac.uk
YORK-NOXY
Date and Time (days since 2006-01-01 00:00:00 + 00:00)
[from data line 3537]
  201.229167       0.0499       0.0000        0.1101       0.0000        0.2420         0.0000
  201.236111       0.0326       0.0000        0.1225       0.0000        0.2395         0.0000
  201.243056       0.0390       0.0000        0.0998       0.0000        0.2024         0.0000
  201.250000       0.0594       0.0000        0.1083       0.0000        0.2726         0.0000
  201.256944       0.0449       0.0000        0.1844       0.0000        0.2771         0.0000
  201.263889       0.0326       0.0000        0.1944       0.0000        0.2660         0.0000
  201.270833       0.0300       0.0000        0.1597       0.0000        0.2501         0.0000
  201.277778       0.0305       0.0000        0.1281       0.0000        0.2478         0.0000
  201.284722       0.0264       0.0000        0.1384       0.0000        0.2318         0.0000
  201.291667       0.0290       0.0000        0.1292       0.0000        0.2296         0.0000
  201.298611       0.0344       0.0000        0.1415       0.0000        0.2307         0.0000
  201.305556       0.0467       0.0000        0.1624       0.0000        0.2589         0.0000
  201.312500       0.0572       0.0000        0.2476       0.0000        0.3567         0.0000
  201.319444       0.0527       0.0000        0.1983       0.0000        0.3086         0.0000
  201.326389       0.0473       0.0000        0.1684       0.0000        0.2666         0.0000
  201.333333       0.0574       0.0000        0.1617       0.0000        0.2492         0.0000
  201.340278       0.1803       0.0000        0.3274       0.0000        0.5118         0.0000
  201.347222       0.0764       0.0000        0.1561       0.0000        0.2371         0.0000
  201.354167       0.0698       0.0000        0.1563       0.0000        0.2374         0.0000
  201.361111       0.0772       0.0000        0.1673       0.0000        0.2519         0.0000
  201.368056       0.0768       0.0000        0.1729       0.0000        0.2571         0.0000
  201.375000       0.0924       0.0000        0.2335       0.0000      9999.0000        3.0000
  201.381944       0.0787       0.0000        0.1852       0.0000      9999.0000        3.0000
  201.388889       0.0660       0.0000        0.1787       0.0000        0.2477         0.0000
  201.395833       0.0435       0.0000        0.1612       0.0000        0.2652         0.0000
  201.402778       0.0231       0.0000        0.1770       0.0000        0.2662         0.0000
  201.409722       0.0193       0.0000        0.2000       0.0000        0.2870         0.0000
  201.416667       0.0179       0.0000        0.2075       0.0000        0.2940         0.0000
  201.423611       0.0135       0.0000        0.2003       0.0000        0.2955         0.0000
  201.430556       0.0141       0.0000        0.1511       0.0000        0.2425         0.0000
  201.437500       0.0296       0.0000        0.1538       0.0000        0.2394         0.0000
  201.444444       0.0427       0.0000        0.1657       0.0000        0.2507         0.0000
  201.451389       0.0345       0.0000        0.1711       0.0000        0.2447         0.0000
  201.458333       0.0316       0.0000        0.1635       0.0000        0.2489         0.0000
  201.465278       0.0277       0.0000        0.1659       0.0000        0.2527         0.0000
  201.472222       0.0251       0.0000        0.1826       0.0000        0.2757         0.0000
  201.479167       0.0352       0.0000        0.1797       0.0000        0.2380         0.0000
  201.486111       0.0322       0.0000        0.1566       0.0000        0.2435         0.0000
  201.493056       0.0453       0.0000        0.1803       0.0000        0.2748         0.0000
  201.500000       0.0315       0.0000        0.1929       0.0000        0.2964         0.0000
  201.506944       0.0202       0.0000        0.1675       0.0000        0.2561         0.0000
  201.513889       0.0163       0.0000        0.1597       0.0000        0.2410         0.0000
  201.520833       0.0302       0.0000        0.1538       0.0000        0.2179         0.0000
  201.527778       0.0229       0.0000        0.1368       0.0000        0.2026         0.0000
  201.534722       0.0279       0.0000        0.1478       0.0000        0.2220         0.0000
  201.541667       0.0263       0.0000        0.1399       0.0000        0.2278         0.0000
  201.548611       0.0364       0.0000        0.1345       0.0000        0.1948         0.0000
  201.555556       0.0370       0.0000        0.1171       0.0000        0.2116         0.0000
  201.562500       0.0327       0.0000        0.1586       0.0000        0.2293         0.0000
  201.569444       0.0305       0.0000        0.1415       0.0000        0.2249         0.0000
  201.576389       0.0583       0.0000        0.1530       0.0000      9999.0000        3.0000
  201.583333       0.0509       0.0000        0.1610       0.0000        0.2425         0.0000
  201.590278       0.0815       0.0000        0.1597       0.0000      9999.0000        3.0000
  201.597222       0.0359       0.0000        0.1586       0.0000        0.2038         0.0000
  201.604167       0.0230       0.0000        0.1379       0.0000        0.1744         0.0000
  201.611111       0.0448       0.0000        0.1242       0.0000        0.1778         0.0000
  201.618056       0.0238       0.0000        0.1312       0.0000        0.1985         0.0000
  201.625000       0.0285       0.0000        0.1209       0.0000        0.1892         0.0000
  201.631944       0.0513       0.0000        0.1245       0.0000        0.2499         0.0000
  201.638889       0.0451       0.0000        0.1447       0.0000        0.2518         0.0000
  201.645833       0.0425       0.0000        0.1487       0.0000        0.2177         0.0000
  201.652778       0.0562       0.0000        0.1599       0.0000        0.2174         0.0000
  201.659722       0.0488       0.0000        0.1583       0.0000        0.2244         0.0000
  201.666667       0.0567       0.0000        0.1769       0.0000      9999.0000        3.0000
  201.673611       0.0308       0.0000        0.1565       0.0000        0.2364         0.0000
  201.680556       0.0468       0.0000        0.1859       0.0000        0.2908         0.0000
  201.687500       0.0387       0.0000        0.2238       0.0000        0.2760         0.0000
  201.694444       0.0518       0.0000        0.1579       0.0000        0.2296         0.0000
  201.701389       0.0496       0.0000        0.1787       0.0000        0.2600         0.0000
  201.708333       0.0410       0.0000        0.1767       0.0000        0.2542         0.0000
  201.715278       0.0480       0.0000        0.1612       0.0000        0.2348         0.0000
  201.722222       0.0402       0.0000        0.1289       0.0000        0.2013         0.0000
  201.729167       0.0299       0.0000        0.1581       0.0000        0.2383         0.0000
  201.736111       0.0443       0.0000        0.1801       0.0000        0.2515         0.0000
  201.743056       0.0655       0.0000        0.1890       0.0000        0.2715         0.0000
  201.750000       0.0642       0.0000        0.1518       0.0000        0.2285         0.0000
  201.756944       0.0440       0.0000        0.1779       0.0000        0.2652         0.0000
  201.763889       0.0557       0.0000        0.1559       0.0000        0.2744         0.0000
  201.770833       0.0448       0.0000        0.1290       0.0000        0.2580         0.0000
  201.777778       0.0295       0.0000        0.1178       0.0000        0.2179         0.0000
  201.784722       0.0591       0.0000        0.1417       0.0000        0.2091         0.0000
  201.791667       0.0692       0.0000        0.1604       0.0000      9999.0000        3.0000
  201.798611       0.0599       0.0000        0.1832       0.0000      9999.0000        3.0000
  201.805556       0.0532       0.0000        0.1518       0.0000        0.2402         0.0000
  201.812500       0.0490       0.0000        0.1233       0.0000        0.2344         0.0000
  201.819444       0.0637       0.0000        0.1426       0.0000        0.2305         0.0000
  201.826389       0.0758       0.0000        0.1411       0.0000      9999.0000        3.0000
  201.833333       0.0801       0.0000        0.1566       0.0000      9999.0000        3.0000
  201.840278       0.0760       0.0000        0.1626       0.0000      9999.0000        3.0000
  201.847222       0.0852       0.0000        0.1604       0.0000      9999.0000        3.0000
  201.854167       0.0893       0.0000        0.1556       0.0000      9999.0000        3.0000
  201.861111       0.0804       0.0000        0.1474       0.0000      9999.0000        3.0000
  201.868056       0.0785       0.0000        0.1373       0.0000      9999.0000        3.0000
  201.875000       0.0774       0.0000        0.1375       0.0000      9999.0000        3.0000
  201.881944       0.0688       0.0000        0.1242       0.0000      9999.0000        3.0000
  201.888889       0.0561       0.0000        0.0991       0.0000        0.1996         0.0000
  201.895833       0.0831       0.0000        0.1106       0.0000      9999.0000        3.0000
  201.902778       0.0625       0.0000        0.1169       0.0000        0.1898         0.0000
  201.909722       0.0504       0.0000        0.1063       0.0000        0.1697         0.0000
  201.916667       0.0488       0.0000        0.1016       0.0000        0.1654         0.0000
  201.923611       0.0267       0.0000        0.1068       0.0000        0.1614         0.0000
  201.930556       0.0373       0.0000        0.0933       0.0000        0.1834         0.0000
  201.937500       0.0787       0.0000        0.0863       0.0000        0.1938         0.0000
  201.944444       0.1009       0.0000        0.1045       0.0000      9999.0000        3.0000
  201.951389       0.0829       0.0000        0.0962       0.0000        0.1976         0.0000
  201.958333       0.0801       0.0000        0.1187       0.0000      9999.0000        3.0000
  201.965278       0.0656       0.0000        0.1076       0.0000        0.1928         0.0000
  201.972222       0.0604       0.0000        0.0897       0.0000        0.2009         0.0000
  201.979167       0.0676       0.0000        0.1095       0.0000        0.1963         0.0000
  201.986111       0.0722       0.0000        0.1076       0.0000        0.2250         0.0000
  201.993056       0.0774       0.0000        0.1184       0.0000        0.2004         0.0000
  202.000000       0.0863       0.0000        0.1187       0.0000        0.2238         0.0000
  202.006944       0.0858       0.0000        0.1153       0.0000        0.2277         0.0000
  202.013889       0.0563       0.0000        0.1099       0.0000        0.2208         0.0000
  202.020833       0.0442       0.0000        0.1104       0.0000        0.2439         0.0000
  202.027778       0.0659       0.0000        0.1086       0.0000        0.2770         0.0000
  202.034722       0.0425       0.0000        0.1076       0.0000        0.2865         0.0000
  202.041667       0.0387       0.0000        0.0919       0.0000        0.2794         0.0000
  202.048611       0.0221       0.0000        0.1085       0.0000        0.3172         0.0000
  202.055556       0.0286       0.0000        0.0864       0.0000        0.3074         0.0000
  202.062500       0.0985       0.0000        0.1613       0.0000        0.5022         0.0000
  202.069444       0.0231       0.0000        0.0906       0.0000        0.4040         0.0000
  202.076389       0.0182       0.0000        0.0774       0.0000        0.3859         0.0000
  202.083333       0.0285       0.0000        0.0825       0.0000        0.4021         0.0000
  202.090278       0.0130       0.0000        0.0841       0.0000        0.3434         0.0000
  202.097222       0.0532       0.0000        0.1456       0.0000        0.4746         0.0000
  202.104167       0.0259       0.0000        0.1063       0.0000        0.3296         0.0000
  202.111111       0.0395       0.0000        0.0931       0.0000        0.3808         0.0000
  202.118056       0.0339       0.0000        0.0947       0.0000        0.4326         0.0000
  202.125000       0.0293       0.0000        0.1058       0.0000        0.4324         0.0000
  202.131944       0.0246       0.0000        0.1036       0.0000        0.3913         0.0000
  202.138889       0.0310       0.0000        0.0934       0.0000        0.3777         0.0000
  202.145833       0.0309       0.0000        0.0971       0.0000        0.3548         0.0000
  202.152778       0.0217       0.0000        0.1092       0.0000        0.3784         0.0000
  202.159722       0.0268       0.0000        0.1034       0.0000        0.3331         0.0000
  202.166667       0.0174       0.0000        0.0956       0.0000        0.3257         0.0000
  202.173611       0.0221       0.0000        0.0917       0.0000        0.3748         0.0000
  202.180556       0.2438       0.0000        0.2972       0.0000        0.6053         0.0000
  202.187500       0.0285       0.0000        0.1200       0.0000        0.3669         0.0000
  202.194444       0.0166       0.0000        0.0763       0.0000        0.3095         0.0000
  202.201389       0.0133       0.0000        0.0789       0.0000        0.2754         0.0000
  202.208333       0.0132       0.0000        0.0879       0.0000        0.3241         0.0000
  202.215278       0.0228       0.0000        0.1040       0.0000        0.3380         0.0000
  202.222222       0.0392       0.0000        0.1177       0.0000        0.4061         0.0000
  202.229167       0.0258       0.0000        0.0917       0.0000        0.3737         0.0000
  202.236111       0.0191       0.0000        0.0931       0.0000        0.3474         0.0000
  202.243056       0.0251       0.0000        0.1160       0.0000        0.3658         0.0000
  202.250000       0.0305       0.0000        0.1363       0.0000        0.3802         0.0000
  202.256944       0.0442       0.0000        0.1514       0.0000        0.4089         0.0000
  202.263889       0.0484       0.0000        0.1440       0.0000        0.3909         0.0000
  202.270833       0.0671       0.0000        0.1891       0.0000        0.4561         0.0000
  202.277778       0.0912       0.0000        0.2056       0.0000        0.4069         0.0000
  202.284722       0.0448       0.0000        0.1357       0.0000        0.3304         0.0000
  202.291667       0.0317       0.0000        0.1144       0.0000        0.3140         0.0000
  202.298611       0.0297       0.0000        0.1141       0.0000        0.3049         0.0000
  202.305556       0.0232       0.0000        0.1271       0.0000        0.3083         0.0000
  202.312500       0.1085       0.0000        0.3045       0.0000        0.5709         0.0000
  202.319444       0.0678       0.0000        0.2214       0.0000        0.4609         0.0000
  202.326389       0.0621       0.0000        0.1500       0.0000        0.4273         0.0000
  202.333333       0.0454       0.0000        0.1195       0.0000        0.2390         0.0000
  202.340278       0.0661       0.0000        0.1110       0.0000        0.2202         0.0000
  202.347222       0.0201       0.0000        0.1391       0.0000        0.2320         0.0000
  202.354167       0.0335       0.0000        0.1370       0.0000        0.2535         0.0000
  202.361111       0.0189       0.0000        0.1110       0.0000        0.1865         0.0000
  202.368056       0.0167       0.0000        0.0960       0.0000        0.1663         0.0000
  202.375000       0.0361       0.0000        0.1884       0.0000        0.2553         0.0000
  202.381944       0.0330       0.0000        0.3223       0.0000        0.3975         0.0000
  202.388889       0.0273       0.0000        0.2000       0.0000        0.2463         0.0000
