cases/OP3/data/york-noxy_bukit-atur_20080624.na
41 1001
Lee James
Department of Chemistry, University of York, York, YO10 5DD
NOxy data from Bukit Atur
OP3 campaign 3
1  1
2008 06 24 2008 12 19
0
time UTC (days since 2008-01-01 00:00:00 + 00:00)
6
1 1 1 1 1 1
9999 9999 9999 9999 9999 9999
NO mixing ratio (pptv)
Error Flag (NO)
NO2 mixing ratio (pptv)
Error Flag (NO2)
NOy mixing ratio (pptv)
Error Flag (NOy)
17
NO and NO2 sampled from 5 m on the FAGE container
NOy inlet mounted at 5 metres on the Leicester container
Data is taken with 1 minute averaging then averaged to 10 minutes
1 minute data is available on request
Time stamp is the start point of the 10 minute period
NO is measured directly by chemiluminesence
NO2 is meausured by conversion to NO by UV photolysis
the sum of all NOy is measured by conversion to NO by a heated Au catalyst in the presence of CO
Detection limits:
The 2 sigma detection limits for the 10 minute averaged data are:
0.004 pptv for NO
0.01 pptv for NO2
0.015 pptv for NOy
Error Flag = 0 Good data
Error Flag = 1 Reduced quality data
Error Flag = 2 Below detection limit
Error Flag = 3 Invalid or missing data
4
THIS FILE ENDS = 2008 07 23
EMAIL CONTACT = jdl3@york.ac.uk
YORK-NOXY
Date and Time (days since 2006-01-01 00:00:00 + 00:00)
[from data line 1179]
  184.854167       1.5321       0.0000        1.3417       0.0000      9999.0000        3.0000
  184.861111       3.1858       0.0000        1.4394       0.0000        4.6170         0.0000
  184.868056       0.0729       0.0000        0.3477       0.0000      9999.0000        3.0000
  184.875000       0.0496       0.0000        0.3501       0.0000      9999.0000        3.0000
  184.881944       0.0501       0.0000        0.3367       0.0000      9999.0000        3.0000
  184.888889       0.3265       0.0000        0.4451       0.0000      9999.0000        3.0000
  184.895833       8.1128       0.0000        4.9282       0.0000        8.2089         0.0000
  184.902778       3.3563       0.0000        2.9966       0.0000      9999.0000        3.0000
  184.909722       2.5881       0.0000        1.8108       0.0000      9999.0000        3.0000
  184.916667       2.5803       0.0000        1.2494       0.0000        1.6410         0.0000
  184.923611       4.2208       0.0000        1.6066       0.0000      9999.0000        3.0000
  184.930556       5.5704       0.0000        2.8113       0.0000      9999.0000        3.0000
  184.937500       2.0800       0.0000        1.2857       0.0000      9999.0000        3.0000
  184.944444       0.2084       0.0000        0.5120       0.0000      9999.0000        3.0000
  184.951389       0.0686       0.0000        0.4055       0.0000      9999.0000        3.0000
  184.958333       0.0562       0.0000        0.3884       0.0000      9999.0000        3.0000
  184.965278       1.0967       0.0000        0.7795       0.0000      9999.0000        3.0000
  184.972222       0.4690       0.0000        0.5880       0.0000      9999.0000        3.0000
  184.979167       0.1185       0.0000        0.3690       0.0000      9999.0000        3.0000
  184.986111       0.5407       0.0000        0.4781       0.0000      9999.0000        3.0000
  184.993056       0.9943       0.0000        0.4927       0.0000      9999.0000        3.0000
  185.000000       1.3678       0.0000        0.4249       0.0000      9999.0000        3.0000
  185.006944       1.7867       0.0000        0.5805       0.0000      9999.0000        3.0000
  185.013889       0.1702       0.0000        0.4121       0.0000      9999.0000        3.0000
  185.020833       0.1373       0.0000        0.3886       0.0000      9999.0000        3.0000
  185.027778       0.1396       0.0000        0.3344       0.0000      9999.0000        3.0000
  185.034722       0.1793       0.0000        0.4190       0.0000      9999.0000        3.0000
  185.041667       0.1650       0.0000        0.4282       0.0000      9999.0000        3.0000
  185.048611       0.1536       0.0000        0.3584       0.0000      9999.0000        3.0000
  185.055556       0.0714       0.0000        0.3391       0.0000      9999.0000        3.0000
  185.062500       0.0715       0.0000        0.3145       0.0000      9999.0000        3.0000
  185.069444       0.0696       0.0000        0.2897       0.0000      9999.0000        3.0000
  185.076389       0.0864       0.0000        0.3681       0.0000      9999.0000        3.0000
  185.083333       0.1155       0.0000        0.3487       0.0000      9999.0000        3.0000
  185.090278       0.0630       0.0000        0.2881       0.0000      9999.0000        3.0000
  185.097222       0.3180       0.0000        0.4830       0.0000        0.9272         0.0000
  185.104167       0.1086       0.0000        0.3309       0.0000        0.6002         0.0000
  185.111111       0.4703       0.0000        0.4665       0.0000        1.0571         0.0000
  185.118056       0.2616       0.0000        0.7065       0.0000      9999.0000        3.0000
  185.125000       0.0856       0.0000        0.2756       0.0000      9999.0000        3.0000
  185.131944       0.1334       0.0000        0.2705       0.0000      9999.0000        3.0000
  185.138889       0.0532       0.0000        0.2551       0.0000      9999.0000        3.0000
  185.145833       0.3149       0.0000        0.3997       0.0000        0.9779         0.0000
  185.152778       0.2330       0.0000        0.2746       0.0000      9999.0000        3.0000
  185.159722       0.2110       0.0000        0.3628       0.0000      9999.0000        3.0000
  185.166667       0.3588       0.0000        0.4206       0.0000        0.6614         0.0000
  185.173611       0.1438       0.0000        0.4550       0.0000      9999.0000        3.0000
  185.180556       0.0494       0.0000        0.2774       0.0000        0.4760         0.0000
  185.187500       0.9191       0.0000        0.5524       0.0000        1.3008         0.0000
  185.194444       0.2270       0.0000        0.4326       0.0000      9999.0000        3.0000
  185.201389       0.5588       0.0000        0.3066       0.0000        0.9897         0.0000
  185.208333       0.5640       0.0000        0.6366       0.0000        1.9298         0.0000
  185.215278       0.0776       0.0000        0.2150       0.0000        0.4404         0.0000
  185.222222       0.0562       0.0000        0.2660       0.0000        0.5599         0.0000
  185.229167       0.2302       0.0000        0.2323       0.0000        0.6190         0.0000
  185.236111       0.3438       0.0000        0.3143       0.0000        0.7125         0.0000
  185.243056       0.1289       0.0000        0.1962       0.0000        0.4438         0.0000
  185.250000       0.6387       0.0000        0.3263       0.0000      9999.0000        3.0000
  185.256944       0.0446       0.0000        0.2320       0.0000      9999.0000        3.0000
  185.263889       0.0451       0.0000        0.2313       0.0000      9999.0000        3.0000
  185.270833       0.0500       0.0000        0.2394       0.0000      9999.0000        3.0000
  185.277778       0.0523       0.0000        0.2479       0.0000      9999.0000        3.0000
  185.284722       0.0538       0.0000        0.2459       0.0000      9999.0000        3.0000
  185.291667       0.0559       0.0000        0.2568       0.0000      9999.0000        3.0000
  185.298611       0.0499       0.0000        0.2706       0.0000      9999.0000        3.0000
  185.305556       0.0571       0.0000        0.2788       0.0000      9999.0000        3.0000
  185.312500       0.0508       0.0000        0.2860       0.0000      9999.0000        3.0000
  185.319444       0.0584       0.0000        0.2638       0.0000      9999.0000        3.0000
  185.326389       0.0628       0.0000        0.2618       0.0000      9999.0000        3.0000
  185.333333       0.1111       0.0000        0.2576       0.0000      9999.0000        3.0000
  185.340278       0.0720       0.0000        0.2600       0.0000      9999.0000        3.0000
  185.347222       0.0804       0.0000        0.2547       0.0000      9999.0000        3.0000
  185.354167       0.0671       0.0000        0.2523       0.0000      9999.0000        3.0000
  185.361111       0.0954       0.0000        0.2489       0.0000      9999.0000        3.0000
  185.368056       0.0613       0.0000        0.2616       0.0000      9999.0000        3.0000
  185.375000       0.1695       0.0000        0.3536       0.0000        0.6771         0.0000
  185.381944       1.2447       0.0000        0.5919       0.0000      9999.0000        3.0000
  185.388889       0.4962       0.0000        0.4225       0.0000      9999.0000        3.0000
  185.395833       0.1261       0.0000        0.3217       0.0000      9999.0000        3.0000
  185.402778       0.0493       0.0000        0.2916       0.0000      9999.0000        3.0000
  185.409722       0.0386       0.0000        0.2931       0.0000      9999.0000        3.0000
  185.416667       0.0357       0.0000        0.2779       0.0000      9999.0000        3.0000
  185.423611       0.0411       0.0000        0.2751       0.0000      9999.0000        3.0000
  185.430556       0.0348       0.0000        0.2833       0.0000      9999.0000        3.0000
  185.437500       0.0492       0.0000        0.3295       0.0000      9999.0000        3.0000
  185.444444       0.0395       0.0000        0.3183       0.0000      9999.0000        3.0000
  185.451389       0.0312       0.0000        0.2994       0.0000      9999.0000        3.0000
  185.458333       0.0299       0.0000        0.2989       0.0000      9999.0000        3.0000
  185.465278       0.0347       0.0000        0.3002       0.0000      9999.0000        3.0000
  185.472222       0.0399       0.0000        0.3085       0.0000      9999.0000        3.0000
  185.479167       0.0452       0.0000        0.2980       0.0000      9999.0000        3.0000
  185.486111       0.0406       0.0000        0.3354       0.0000      9999.0000        3.0000
  185.493056       0.1598       0.0000        0.4517       0.0000      9999.0000        3.0000
  185.500000       0.4358       0.0000        0.3349       0.0000      9999.0000        3.0000
  185.506944       1.1037       0.0000        0.7530       0.0000        1.4558         0.0000
  185.513889       3.2237       0.0000        2.2102       0.0000        4.2450         0.0000
  185.520833       1.6043       0.0000        0.9270       0.0000        2.5571         0.0000
  185.527778       0.6276       0.0000        0.9606       0.0000        1.8154         0.0000
  185.534722      9999.0000     3.0000      9999.0000      3.0000      9999.0000        3.0000
  185.541667      9999.0000     3.0000      9999.0000      3.0000      9999.0000        3.0000
  185.548611      9999.0000     3.0000      9999.0000      3.0000      9999.0000        3.0000
  185.555556      9999.0000     3.0000      9999.0000      3.0000      9999.0000        3.0000
  185.562500      9999.0000     3.0000      9999.0000      3.0000      9999.0000        3.0000
  185.569444      9999.0000     3.0000      9999.0000      3.0000      9999.0000        3.0000
  185.576389      9999.0000     3.0000      9999.0000      3.0000      9999.0000        3.0000
  185.583333      9999.0000     3.0000      9999.0000      3.0000      9999.0000        3.0000
  185.590278       3.7018       0.0000        1.9591       0.0000      9999.0000        3.0000
  185.597222       8.0246       0.0000        1.8790       0.0000        1.7578         0.0000
  185.604167       10.2741      0.0000        2.2994       0.0000      9999.0000        3.0000
  185.611111       8.7321       0.0000        1.9716       0.0000      9999.0000        3.0000
  185.618056       4.8266       0.0000        1.4179       0.0000      9999.0000        3.0000
  185.625000       2.7625       0.0000        1.1378       0.0000      9999.0000        3.0000
  185.631944       3.0389       0.0000        1.4026       0.0000      9999.0000        3.0000
  185.638889       3.5922       0.0000        1.5461       0.0000      9999.0000        3.0000
  185.645833       3.3736       0.0000        1.5018       0.0000      9999.0000        3.0000
  185.652778       3.9002       0.0000        1.7857       0.0000      9999.0000        3.0000
  185.659722       5.9694       0.0000        2.5102       0.0000        4.7939         0.0000
  185.666667       2.1112       0.0000        1.5183       0.0000        2.8158         0.0000
  185.673611       5.5694       0.0000        1.8055       0.0000      9999.0000        3.0000
  185.680556       5.0917       0.0000        1.4330       0.0000      9999.0000        3.0000
  185.687500       8.1415       0.0000        1.5465       0.0000      9999.0000        3.0000
  185.694444       6.7049       0.0000        2.5096       0.0000      9999.0000        3.0000
  185.701389       8.1755       0.0000        2.4009       0.0000      9999.0000        3.0000
  185.708333       8.0892       0.0000        1.3663       0.0000      9999.0000        3.0000
  185.715278       5.1662       0.0000        1.2295       0.0000      9999.0000        3.0000
  185.722222       5.2380       0.0000        1.2270       0.0000      9999.0000        3.0000
  185.729167       3.8450       0.0000        0.7538       0.0000      9999.0000        3.0000
  185.736111       6.9565       0.0000        1.2152       0.0000      9999.0000        3.0000
  185.743056       8.9560       0.0000        1.0411       0.0000      9999.0000        3.0000
  185.750000       2.9858       0.0000        0.8419       0.0000      9999.0000        3.0000
  185.756944       2.4863       0.0000        0.9777       0.0000      9999.0000        3.0000
  185.763889       7.8832       0.0000        1.7490       0.0000      9999.0000        3.0000
  185.770833       9.5455       0.0000        0.8467       0.0000      9999.0000        3.0000
  185.777778       5.6750       0.0000        1.2943       0.0000      9999.0000        3.0000
  185.784722       4.3136       0.0000        1.7523       0.0000      9999.0000        3.0000
  185.791667       3.8349       0.0000        2.0067       0.0000      9999.0000        3.0000
  185.798611       2.6351       0.0000        1.0183       0.0000      9999.0000        3.0000
  185.805556       2.3677       0.0000        0.9917       0.0000      9999.0000        3.0000
  185.812500       3.3274       0.0000        2.0750       0.0000      9999.0000        3.0000
  185.819444       5.5970       0.0000        8.2845       0.0000      9999.0000        3.0000
  185.826389       1.0442       0.0000        0.5356       0.0000      9999.0000        3.0000
  185.833333       4.2018       0.0000        1.3684       0.0000        3.5516         0.0000
  185.840278       6.6501       0.0000        2.5108       0.0000        8.3181         0.0000
  185.847222       0.1569       0.0000        0.3569       0.0000      9999.0000        3.0000
  185.854167       0.0887       0.0000        0.3693       0.0000      9999.0000        3.0000
  185.861111       0.0787       0.0000        0.3410       0.0000      9999.0000        3.0000
  185.868056       0.0820       0.0000        0.3456       0.0000      9999.0000        3.0000
  185.875000       2.6220       0.0000        0.8482       0.0000        0.8957         0.0000
  185.881944       0.5068       0.0000        0.3694       0.0000      9999.0000        3.0000
  185.888889       0.2426       0.0000        0.3625       0.0000      9999.0000        3.0000
  185.895833       0.1035       0.0000        0.3551       0.0000      9999.0000        3.0000
  185.902778       0.1208       0.0000        0.4529       0.0000        1.0298         0.0000
  185.909722       2.8129       0.0000        1.8204       0.0000        5.0091         0.0000
  185.916667       0.6058       0.0000        0.7083       0.0000        1.1313         0.0000
  185.923611       2.6363       0.0000        0.9450       0.0000        2.3014         0.0000
  185.930556       0.5889       0.0000        0.6197       0.0000      9999.0000        3.0000
  185.937500       0.2162       0.0000        0.4660       0.0000      9999.0000        3.0000
  185.944444       0.1287       0.0000        0.3608       0.0000      9999.0000        3.0000
  185.951389       0.1003       0.0000        0.2944       0.0000      9999.0000        3.0000
  185.958333       0.0736       0.0000        0.2771       0.0000      9999.0000        3.0000
  185.965278       1.1445       0.0000        0.5200       0.0000      9999.0000        3.0000
  185.972222       0.6937       0.0000        0.4348       0.0000      9999.0000        3.0000
  185.979167       0.7891       0.0000        0.5958       0.0000        0.6382         0.0000
  185.986111       0.2126       0.0000        0.3357       0.0000      9999.0000        3.0000
  185.993056       2.6409       0.0000        0.9158       0.0000        1.3921         0.0000
  186.000000       1.1083       0.0000        0.4934       0.0000      9999.0000        3.0000
  186.006944       0.1020       0.0000        0.3564       0.0000      9999.0000        3.0000
  186.013889       0.7146       0.0000        0.5239       0.0000      9999.0000        3.0000
