cases/OP3/data/york-noxy_bukit-atur_20080624.na
41 1001
Lee James
Department of Chemistry, University of York, York, YO10 5DD
NOxy data from Bukit Atur
OP3 campaign 3
1  1
2008 06 24 2008 12 19
0
time UTC (days since 2008-01-01 00:00:00 + 00:00)
6
1 1 1 1 1 1
9999 9999 9999 9999 9999 9999
NO mixing ratio (pptv)
Error Flag (NO)
NO2 mixing ratio (pptv)
Error Flag (NO2)
NOy mixing ratio (pptv)
Error Flag (NOy)
17
NO and NO2 sampled from 5 m on the FAGE container
NOy inlet mounted at 5 metres on the Leicester container
Data is taken with 1 minute averaging then averaged to 10 minutes
1 minute data is available on request
Time stamp is the start point of the 10 minute period
NO is measured directly by chemiluminesence
NO2 is meausured by conversion to NO by UV photolysis
the sum of all NOy is measured by conversion to NO by a heated Au catalyst in the presence of CO
Detection limits:
The 2 sigma detection limits for the 10 minute averaged data are:
0.004 pptv for NO
0.01 pptv for NO2
0.015 pptv for NOy
Error Flag = 0 Good data
Error Flag = 1 Reduced quality data
Error Flag = 2 Below detection limit
Error Flag = 3 Invalid or missing data
4
THIS FILE ENDS = 2008 07 23
EMAIL CONTACT = jdl3@york.ac.uk
YORK-NOXY
Date and Time (days since 2006-01-01 00:00:00 + 00:00)
[from data line 2695]
  195.381944       0.0748       0.0000        0.2007       0.0000        0.3105         0.0000
  195.388889       0.0770       0.0000        0.1621       0.0000        0.2863         0.0000
  195.395833       0.0769       0.0000        0.1499       0.0000        0.2619         0.0000
  195.402778       0.0772       0.0000        0.1720       0.0000      9999.0000        3.0000
  195.409722       0.0822       0.0000        0.1696       0.0000        0.2754         0.0000
  195.416667       0.0754       0.0000        0.1674       0.0000        0.2511         0.0000
  195.423611       0.0728       0.0000        0.1615       0.0000        0.2358         0.0000
  195.430556       0.0866       0.0000        0.1836       0.0000      9999.0000        3.0000
  195.437500       0.0587       0.0000        0.2096       0.0000      9999.0000        3.0000
  195.444444       0.0931       0.0000        0.1867       0.0000      9999.0000        3.0000
  195.451389       0.0763       0.0000        0.1772       0.0000      9999.0000        3.0000
  195.458333       0.0906       0.0000        0.1667       0.0000      9999.0000        3.0000
  195.465278       0.1031       0.0000        0.1683       0.0000      9999.0000        3.0000
  195.472222       0.0906       0.0000        0.1649       0.0000      9999.0000        3.0000
  195.479167       0.1298       0.0000        0.2459       0.0000        0.3758         0.0000
  195.486111       0.1246       0.0000        0.2172       0.0000      9999.0000        3.0000
  195.493056       0.1584       0.0000        0.2316       0.0000      9999.0000        3.0000
  195.500000       0.2799       0.0000        0.1721       0.0000      9999.0000        3.0000
  195.506944       0.1173       0.0000        0.1702       0.0000      9999.0000        3.0000
  195.513889       0.1272       0.0000        0.2272       0.0000      9999.0000        3.0000
  195.520833       0.1719       0.0000        0.1759       0.0000      9999.0000        3.0000
  195.527778       0.1456       0.0000        0.1735       0.0000      9999.0000        3.0000
  195.534722       0.1047       0.0000        0.1954       0.0000      9999.0000        3.0000
  195.541667       0.1137       0.0000        0.2262       0.0000      9999.0000        3.0000
  195.548611       0.1103       0.0000        0.2542       0.0000      9999.0000        3.0000
  195.555556       0.1060       0.0000        0.2613       0.0000      9999.0000        3.0000
  195.562500       0.1357       0.0000        0.2307       0.0000      9999.0000        3.0000
  195.569444       0.1130       0.0000        0.2070       0.0000      9999.0000        3.0000
  195.576389       0.1165       0.0000        0.2628       0.0000      9999.0000        3.0000
  195.583333       0.1356       0.0000        0.2654       0.0000      9999.0000        3.0000
  195.590278       0.0978       0.0000        0.2764       0.0000      9999.0000        3.0000
  195.597222       0.0978       0.0000        0.2948       0.0000      9999.0000        3.0000
  195.604167       0.1084       0.0000        0.2659       0.0000      9999.0000        3.0000
  195.611111       0.0794       0.0000        0.3230       0.0000      9999.0000        3.0000
  195.618056       0.0950       0.0000        0.2971       0.0000      9999.0000        3.0000
  195.625000       0.1522       0.0000        0.2799       0.0000      9999.0000        3.0000
  195.631944       0.0593       0.0000        0.3915       0.0000      9999.0000        3.0000
  195.638889       0.1238       0.0000        0.3520       0.0000      9999.0000        3.0000
  195.645833       0.1060       0.0000        0.3480       0.0000      9999.0000        3.0000
  195.652778       0.1394       0.0000        0.3154       0.0000      9999.0000        3.0000
  195.659722       0.2373       0.0000        0.4232       0.0000      9999.0000        3.0000
  195.666667       0.1015       0.0000        0.4109       0.0000      9999.0000        3.0000
  195.673611       0.0975       0.0000        0.4478       0.0000      9999.0000        3.0000
  195.680556       0.1188       0.0000        0.4188       0.0000      9999.0000        3.0000
  195.687500       0.1456       0.0000        0.4371       0.0000      9999.0000        3.0000
  195.694444       0.1312       0.0000        0.3582       0.0000      9999.0000        3.0000
  195.701389       0.1325       0.0000        0.4679       0.0000      9999.0000        3.0000
  195.708333       0.2482       0.0000        0.5181       0.0000      9999.0000        3.0000
  195.715278       1.5860       0.0000        0.5764       0.0000        1.9156         0.0000
  195.722222       0.1117       0.0000        0.3611       0.0000      9999.0000        3.0000
  195.729167       0.0659       0.0000        0.3922       0.0000      9999.0000        3.0000
  195.736111       0.0556       0.0000        0.4007       0.0000      9999.0000        3.0000
  195.743056       0.0802       0.0000        0.3365       0.0000      9999.0000        3.0000
  195.750000       0.0602       0.0000        0.2439       0.0000      9999.0000        3.0000
  195.756944       0.0377       0.0000        0.2994       0.0000      9999.0000        3.0000
  195.763889       0.0755       0.0000        0.3331       0.0000      9999.0000        3.0000
  195.770833       0.0660       0.0000        0.4267       0.0000      9999.0000        3.0000
  195.777778       0.5270       0.0000        0.3864       0.0000      9999.0000        3.0000
  195.784722       0.5246       0.0000        0.5230       0.0000      9999.0000        3.0000
  195.791667       0.1078       0.0000        0.2281       0.0000      9999.0000        3.0000
  195.798611       0.0350       0.0000        0.3491       0.0000      9999.0000        3.0000
  195.805556       0.1844       0.0000        0.4920       0.0000      9999.0000        3.0000
  195.812500       0.1503       0.0000        0.3735       0.0000      9999.0000        3.0000
  195.819444       0.0688       0.0000        0.2610       0.0000      9999.0000        3.0000
  195.826389       0.0692       0.0000        0.2009       0.0000      9999.0000        3.0000
  195.833333       0.0813       0.0000        0.2357       0.0000      9999.0000        3.0000
  195.840278       0.0816       0.0000        0.2242       0.0000      9999.0000        3.0000
  195.847222       0.0506       0.0000        0.1900       0.0000      9999.0000        3.0000
  195.854167       0.1381       0.0000        0.3667       0.0000      9999.0000        3.0000
  195.861111       0.1610       0.0000        0.3008       0.0000      9999.0000        3.0000
  195.868056       0.0313       0.0000        0.1864       0.0000      9999.0000        3.0000
  195.875000       0.2757       0.0000        0.2879       0.0000      9999.0000        3.0000
  195.881944       0.1138       0.0000        0.2348       0.0000      9999.0000        3.0000
  195.888889       0.1199       0.0000        0.2269       0.0000      9999.0000        3.0000
  195.895833       0.0865       0.0000        0.2353       0.0000      9999.0000        3.0000
  195.902778       0.1131       0.0000        0.2665       0.0000      9999.0000        3.0000
  195.909722       0.1010       0.0000        0.2262       0.0000      9999.0000        3.0000
  195.916667       0.0876       0.0000        0.2244       0.0000      9999.0000        3.0000
  195.923611       0.0980       0.0000        0.2248       0.0000      9999.0000        3.0000
  195.930556       0.1078       0.0000        0.2094       0.0000      9999.0000        3.0000
  195.937500       0.0902       0.0000        0.2390       0.0000      9999.0000        3.0000
  195.944444       0.0496       0.0000        0.1869       0.0000      9999.0000        3.0000
  195.951389       0.0676       0.0000        0.2003       0.0000        1.3007         0.0000
  195.958333       0.0484       0.0000        0.1766       0.0000      9999.0000        3.0000
  195.965278       0.1377       0.0000        0.2881       0.0000      9999.0000        3.0000
  195.972222       0.3720       0.0000        0.5171       0.0000      9999.0000        3.0000
  195.979167       0.3788       0.0000        0.3291       0.0000      9999.0000        3.0000
  195.986111       0.1521       0.0000        0.2470       0.0000      9999.0000        3.0000
  195.993056       0.2155       0.0000        0.2892       0.0000      9999.0000        3.0000
  196.000000       0.0823       0.0000        0.2168       0.0000      9999.0000        3.0000
  196.006944       0.0531       0.0000        0.1767       0.0000      9999.0000        3.0000
  196.013889       0.4623       0.0000        0.2760       0.0000        0.7869         0.0000
  196.020833       0.3413       0.0000        0.2146       0.0000        0.7040         0.0000
  196.027778       1.5690       0.0000        0.6803       0.0000        2.0516         0.0000
  196.034722       0.7448       0.0000        0.5411       0.0000        1.3580         0.0000
  196.041667       0.1956       0.0000        0.2840       0.0000        0.5750         0.0000
  196.048611       0.1085       0.0000        0.1930       0.0000        0.4244         0.0000
  196.055556       0.1016       0.0000        0.1495       0.0000        0.3732         0.0000
  196.062500       0.1009       0.0000        0.1641       0.0000        0.3981         0.0000
  196.069444       0.1828       0.0000        0.2331       0.0000        0.5318         0.0000
  196.076389       0.1229       0.0000        0.2790       0.0000        0.5412         0.0000
  196.083333       0.1319       0.0000        0.2534       0.0000        0.5177         0.0000
  196.090278       0.0805       0.0000        0.1805       0.0000        0.4186         0.0000
  196.097222       0.0491       0.0000        0.1287       0.0000        0.3285         0.0000
  196.104167       0.0764       0.0000        0.1445       0.0000        0.3904         0.0000
  196.111111       0.0763       0.0000        0.2258       0.0000        0.4950         0.0000
  196.118056       0.4839       0.0000        0.3320       0.0000        0.8635         0.0000
  196.125000       0.3778       0.0000        0.1830       0.0000        0.5564         0.0000
  196.131944       0.0650       0.0000        0.1123       0.0000        0.4492         0.0000
  196.138889       0.4997       0.0000        1.2577       0.0000        1.7706         0.0000
  196.145833       0.2248       0.0000        0.1567       0.0000        0.5738         0.0000
  196.152778       0.0428       0.0000        0.1227       0.0000        0.3319         0.0000
  196.159722       0.0305       0.0000        0.1213       0.0000        0.2859         0.0000
  196.166667       0.0420       0.0000        0.1059       0.0000        0.3366         0.0000
  196.173611       0.0797       0.0000        0.1435       0.0000        0.3597         0.0000
  196.180556       0.0583       0.0000        0.1601       0.0000        0.3712         0.0000
  196.187500       0.2101       0.0000        0.2401       0.0000        0.4793         0.0000
  196.194444       0.1021       0.0000        0.2843       0.0000        0.5482         0.0000
  196.201389       0.1607       0.0000        0.2338       0.0000        0.4359         0.0000
  196.208333       0.2828       0.0000        0.1830       0.0000        0.2798         0.0000
  196.215278       0.2344       0.0000        0.2138       0.0000      9999.0000        3.0000
  196.222222       0.1058       0.0000        0.2794       0.0000      9999.0000        3.0000
  196.229167       0.0556       0.0000        0.1235       0.0000        0.1964         0.0000
  196.236111       0.0645       0.0000        0.1239       0.0000      9999.0000        3.0000
  196.243056       0.0566       0.0000        0.1239       0.0000        0.2005         0.0000
  196.250000       0.1107       0.0000        0.1456       0.0000        0.3122         0.0000
  196.256944       0.1066       0.0000        0.1680       0.0000        0.3348         0.0000
  196.263889       0.0594       0.0000        0.1614       0.0000        0.3448         0.0000
  196.270833       0.0504       0.0000        0.1357       0.0000        0.2996         0.0000
  196.277778       0.0761       0.0000        0.1525       0.0000        0.2788         0.0000
  196.284722       0.0498       0.0000        0.1726       0.0000        0.3670         0.0000
  196.291667       0.0604       0.0000        0.1536       0.0000        0.3480         0.0000
  196.298611       0.0538       0.0000        0.1721       0.0000        0.4129         0.0000
  196.305556       0.0490       0.0000        0.1419       0.0000        2.7095         0.0000
  196.312500       0.0370       0.0000        0.1609       0.0000        0.2380         0.0000
  196.319444       0.0284       0.0000        0.1697       0.0000        0.2217         0.0000
  196.326389       0.3134       0.0000        0.1844       0.0000        0.4132         0.0000
  196.333333       0.0523       0.0000        0.1462       0.0000        0.2068         0.0000
  196.340278       0.1396       0.0000        0.2161       0.0000        0.3670         0.0000
  196.347222       0.0864       0.0000        0.2068       0.0000        0.3374         0.0000
  196.354167       0.0513       0.0000        0.1651       0.0000        0.2876         0.0000
  196.361111       0.0319       0.0000        0.1578       0.0000        0.2473         0.0000
  196.368056       0.0351       0.0000        0.1621       0.0000        0.2172         0.0000
  196.375000       0.0388       0.0000        0.1605       0.0000        0.2089         0.0000
  196.381944       0.0388       0.0000        0.1546       0.0000        0.2011         0.0000
  196.388889       0.0343       0.0000        0.1712       0.0000        0.2102         0.0000
  196.395833       0.0455       0.0000        0.1613       0.0000        0.2111         0.0000
  196.402778       1.3575       0.0000        2.6937       0.0000      9999.0000        3.0000
  196.409722      9999.0000     3.0000      9999.0000      3.0000      9999.0000        3.0000
  196.416667      9999.0000     3.0000      9999.0000      3.0000      9999.0000        3.0000
  196.423611      9999.0000     3.0000      9999.0000      3.0000      9999.0000        3.0000
  196.430556      9999.0000     3.0000      9999.0000      3.0000      9999.0000        3.0000
  196.437500      9999.0000     3.0000      9999.0000      3.0000      9999.0000        3.0000
  196.444444      9999.0000     3.0000      9999.0000      3.0000      9999.0000        3.0000
  196.451389      9999.0000     3.0000      9999.0000      3.0000      9999.0000        3.0000
  196.458333      9999.0000     3.0000      9999.0000      3.0000      9999.0000        3.0000
  196.465278      9999.0000     3.0000      9999.0000      3.0000      9999.0000        3.0000
  196.472222      9999.0000     3.0000      9999.0000      3.0000      9999.0000        3.0000
  196.479167      9999.0000     3.0000      9999.0000      3.0000      9999.0000        3.0000
  196.486111      9999.0000     3.0000      9999.0000      3.0000      9999.0000        3.0000
  196.493056      9999.0000     3.0000      9999.0000      3.0000      9999.0000        3.0000
  196.500000      9999.0000     3.0000      9999.0000      3.0000      9999.0000        3.0000
  196.506944      9999.0000     3.0000      9999.0000      3.0000      9999.0000        3.0000
  196.513889      9999.0000     3.0000      9999.0000      3.0000      9999.0000        3.0000
  196.520833      9999.0000     3.0000      9999.0000      3.0000      9999.0000        3.0000
  196.527778      9999.0000     3.0000      9999.0000      3.0000      9999.0000        3.0000
  196.534722      9999.0000     3.0000      9999.0000      3.0000      9999.0000        3.0000
  196.541667      9999.0000     3.0000      9999.0000      3.0000      9999.0000        3.0000
